2 0.000000 100.000000 5791.461216
871 721 
1 -61.438006 0.000000 -61.563216 99.997223 0.000013 0.001023 0.000056 
2 64.507843 0.000000 -61.563216 99.997298 0.000050 -0.012514 0.000054 
3 64.507843 0.000000 61.726217 100.002704 -0.000031 -0.012596 -0.000054 
4 -61.438006 0.000000 61.726217 100.002777 -0.000037 0.001040 -0.000056 
5 1.534919 0.000000 0.081501 98.241373 0.424983 -12.538423 0.019124 
6 -61.438006 0.000000 0.081501 99.999972 -0.000028 0.004299 0.000001 
7 1.534919 0.000000 -61.563216 99.991989 0.000066 -0.006834 0.000160 
8 64.507843 0.000000 0.081501 100.000254 0.073714 -3.669479 -0.001352 
9 1.534919 0.000000 61.726217 100.008073 -0.000093 -0.006873 -0.000161 
10 -29.951544 0.000000 30.903859 100.011146 -0.000134 0.003010 -0.000223 
11 -61.438006 0.000000 30.903859 100.002758 -0.000043 0.002911 -0.000055 
12 -29.951544 0.000000 0.081501 99.999774 -0.000136 0.016630 0.000004 
13 1.534919 0.000000 30.903859 100.032102 -0.000433 -0.030712 -0.000642 
14 -29.951544 0.000000 61.726217 100.005736 -0.000071 -0.000742 -0.000115 
15 -29.951544 0.000000 -30.740858 99.988853 0.000002 0.002879 0.000223 
16 -61.438006 0.000000 -30.740858 99.997217 0.000001 0.002883 0.000056 
17 -29.951544 0.000000 -61.563216 99.994290 0.000028 -0.000761 0.000114 
18 1.534919 0.000000 -30.740858 99.968377 0.000112 -0.030409 0.000632 
19 33.021381 0.000000 30.903859 100.010817 -0.000043 -0.062470 -0.000217 
20 33.021381 0.000000 0.081501 100.000039 -0.362097 -3.661016 -0.001354 
21 64.507843 0.000000 30.903859 100.002703 -0.000180 -0.057786 -0.000054 
22 33.021381 0.000000 61.726217 100.005653 -0.000057 -0.012513 -0.000113 
23 -14.208313 0.000000 15.492680 100.044576 -0.000396 0.009861 -0.000892 
24 -29.951544 0.000000 15.492680 100.011035 -0.000159 0.010395 -0.000221 
25 -14.208313 0.000000 0.081501 99.998216 -0.000526 0.064630 0.000035 
26 1.534919 0.000000 15.492680 100.125100 -0.000840 -0.125457 -0.002505 
27 -14.208313 0.000000 30.903859 100.022960 -0.000250 -0.004833 -0.000459 
28 33.021381 0.000000 -30.740858 99.989198 0.000156 -0.061756 0.000216 
29 33.021381 0.000000 -61.563216 99.994374 0.000059 -0.012418 0.000113 
30 64.507843 0.000000 -30.740858 99.997295 0.000145 -0.057196 0.000054 
31 -14.208313 0.000000 -15.329678 99.955412 -0.000240 0.008835 0.000892 
32 -29.951544 0.000000 -15.329678 99.988766 -0.000060 0.010172 0.000225 
33 -14.208313 0.000000 -30.740858 99.977244 0.000019 -0.004993 0.000455 
34 1.534919 0.000000 -15.329678 99.878412 -0.001355 -0.123054 0.002429 
35 17.278150 0.000000 15.492680 100.042184 -0.003103 -0.250974 -0.000850 
36 17.278150 0.000000 0.081501 99.998572 -0.024819 -3.730831 -0.001363 
37 33.021381 0.000000 15.492680 100.010508 0.000601 -0.250502 -0.000216 
38 17.278150 0.000000 30.903859 100.022424 -0.000438 -0.055766 -0.000449 
39 -6.336697 0.000000 7.787090 100.175735 -0.000315 0.037412 -0.003518 
40 -14.208313 0.000000 7.787090 100.043964 -0.000444 0.039640 -0.000880 
41 -6.336697 0.000000 0.081501 99.986467 -0.001545 0.257717 0.000264 
42 1.534919 0.000000 7.787090 100.452547 0.004852 -0.435834 -0.009090 
43 -6.336697 0.000000 15.492680 100.091012 -0.000554 -0.022020 -0.001821 
44 17.278150 0.000000 -15.329678 99.957849 0.001098 -0.245198 0.000837 
45 17.278150 0.000000 -30.740858 99.977785 0.000241 -0.055016 0.000444 
46 33.021381 0.000000 -15.329678 99.989394 0.001313 -0.245611 0.000206 
47 -6.336697 0.000000 -7.624089 99.824294 -0.001850 0.029531 0.003511 
48 -14.208313 0.000000 -7.624089 99.954473 -0.000459 0.037877 0.000910 
49 -6.336697 0.000000 -15.329678 99.910544 -0.000582 -0.023265 0.001788 
50 1.534919 0.000000 -7.624089 99.569641 -0.009896 -0.424143 0.008571 
51 9.406534 0.000000 7.787090 100.153578 0.003959 -0.824366 -0.003142 
52 9.406534 0.000000 0.081501 99.989095 0.345946 -3.875632 -0.001296 
53 17.278150 0.000000 7.787090 100.040124 -0.009288 -0.818070 -0.000870 
54 9.406534 0.000000 15.492680 100.086727 -0.001978 -0.222489 -0.001740 
55 -2.400889 0.000000 3.934296 100.667059 0.003311 0.140722 -0.013388 
56 -6.336697 0.000000 3.934296 100.172697 -0.000454 0.157716 -0.003459 
57 -2.400889 0.000000 0.081501 99.887059 -0.003318 1.430746 0.002053 
58 1.534919 0.000000 3.934296 101.363130 0.028124 -1.283589 -0.027613 
59 -2.400889 0.000000 7.787090 100.347613 0.001027 -0.084290 -0.006965 
60 9.406534 0.000000 -7.624089 99.845871 -0.011635 -0.800382 0.003016 
61 9.406534 0.000000 -15.329678 99.914720 -0.000749 -0.216519 0.001700 
62 17.278150 0.000000 -7.624089 99.958592 0.003099 -0.799925 0.000764 
63 -2.400889 0.000000 -3.771294 99.337694 -0.008373 0.085437 0.013202 
64 -6.336697 0.000000 -3.771294 99.815848 -0.002331 0.144071 0.003678 
65 -2.400889 0.000000 -7.624089 99.663603 -0.004495 -0.093397 0.006716 
66 1.534919 0.000000 -3.771294 98.740538 -0.034909 -1.227622 0.024880 
67 5.470726 0.000000 3.934296 100.472432 0.050935 -2.078245 -0.009903 
68 5.470726 0.000000 0.081501 99.951079 0.445994 -4.326667 -0.000914 
69 9.406534 0.000000 3.934296 100.136937 0.042801 -2.014206 -0.003146 
70 5.470726 0.000000 7.787090 100.309305 0.008120 -0.739681 -0.006250 
71 -0.432985 0.000000 2.007898 102.852962 0.017856 0.492623 -0.057897 
72 -2.400889 0.000000 2.007898 100.666914 0.002405 0.603201 -0.013419 
73 -0.432985 0.000000 0.081501 98.246700 -0.005851 6.128516 0.031003 
74 1.534919 0.000000 2.007898 103.729572 0.071230 -3.688145 -0.077343 
75 -0.432985 0.000000 3.934296 101.206176 0.011538 -0.303319 -0.024278 
76 5.470726 0.000000 -3.771294 99.519654 -0.053684 -2.009882 0.009180 
77 5.470726 0.000000 -7.624089 99.699082 -0.014462 -0.712424 0.005959 
78 9.406534 0.000000 -3.771294 99.852691 -0.039301 -1.979639 0.002552 
79 -0.432985 0.000000 -1.844897 97.382038 -0.026773 0.112569 0.051673 
80 -2.400889 0.000000 -1.844897 99.258789 -0.008448 0.495467 0.014745 
81 -0.432985 0.000000 -3.771294 98.869116 -0.018029 -0.355856 0.022477 
82 1.534919 0.000000 -1.844897 96.783507 -0.080326 -3.252752 0.062237 
83 3.502823 0.000000 2.007898 101.114525 0.114249 -3.990435 -0.024008 
84 3.502823 0.000000 0.081501 99.840371 0.457050 -5.826619 -0.000226 
85 5.470726 0.000000 2.007898 100.368270 0.127843 -3.572202 -0.008657 
86 3.502823 0.000000 3.934296 100.898293 0.043915 -1.936333 -0.018422 
87 0.550967 0.000000 1.044699 108.148550 0.062117 -2.553270 -0.170263 
88 -0.432985 0.000000 1.044699 103.640731 0.016160 2.551309 -0.074791 
89 0.550967 0.000000 0.081501 124.286868 0.075498 -19.259145 -0.581815 
90 1.534919 0.000000 1.044699 104.411849 0.125709 -7.308893 -0.095527 
91 0.550967 0.000000 2.007898 104.061867 0.040319 -1.387029 -0.083080 
92 -45.694775 0.000000 15.492680 100.003857 -0.000075 0.006250 -0.000077 
93 -61.438006 0.000000 15.492680 100.001733 -0.000039 0.004007 -0.000035 
94 -45.694775 0.000000 0.081501 99.999933 -0.000057 0.007682 0.000001 
95 -45.694775 0.000000 30.903859 100.005304 -0.000077 0.003575 -0.000106 
96 -22.079928 0.000000 7.787090 100.015351 -0.000257 0.023383 -0.000307 
97 -29.951544 0.000000 7.787090 100.006880 -0.000156 0.014759 -0.000138 
98 -22.079928 0.000000 0.081501 99.999465 -0.000243 0.029068 0.000011 
99 -22.079928 0.000000 15.492680 100.021242 -0.000253 0.012646 -0.000425 
100 -10.272505 0.000000 3.934296 100.060417 -0.000637 0.092057 -0.001210 
101 -14.208313 0.000000 3.934296 100.027028 -0.000481 0.057227 -0.000541 
102 -10.272505 0.000000 0.081501 99.995844 -0.000857 0.114483 0.000082 
103 -10.272505 0.000000 7.787090 100.084553 -0.000549 0.047038 -0.001692 
104 -4.368793 0.000000 2.007898 100.234143 -0.000414 0.369404 -0.004702 
105 -6.336697 0.000000 2.007898 100.103835 -0.000890 0.229220 -0.002083 
106 -4.368793 0.000000 0.081501 99.968757 -0.002192 0.458478 0.000604 
107 -4.368793 0.000000 3.934296 100.329784 0.000480 0.192601 -0.006610 
108 -1.416937 0.000000 1.044699 101.147644 0.003315 1.846997 -0.023426 
109 -2.400889 0.000000 1.044699 100.480790 0.000121 1.170230 -0.009776 
110 -1.416937 0.000000 0.081501 99.703852 -0.004283 2.217522 0.005422 
111 -1.416937 0.000000 2.007898 101.560325 0.007374 0.957866 -0.031542 
112 3.502823 0.000000 -1.844897 98.828342 -0.115096 -3.828482 0.021829 
113 3.502823 0.000000 -3.771294 99.131416 -0.049310 -1.840577 0.016957 
114 5.470726 0.000000 -1.844897 99.576475 -0.114962 -3.541688 0.007197 
115 0.550967 0.000000 -0.881698 93.722699 -0.077972 -2.805417 0.120818 
116 -0.432985 0.000000 -0.881698 96.260908 -0.026762 1.252247 0.073227 
117 0.550967 0.000000 -1.844897 96.509334 -0.050015 -1.478443 0.068376 
118 1.534919 0.000000 -0.881698 96.130036 -0.151473 -5.589319 0.072775 
119 0.058991 0.000000 0.563100 109.392532 0.032188 5.069652 -0.199243 
120 -0.432985 0.000000 0.563100 102.570889 0.008821 4.682386 -0.054271 
121 0.058991 0.000000 0.081501 82.624186 0.016698 18.708091 0.282325 
122 0.550967 0.000000 0.563100 114.917702 0.085044 -5.445596 -0.323574 
123 0.058991 0.000000 1.044699 106.135080 0.032759 1.150953 -0.126598 
124 -45.694775 0.000000 -15.329678 99.996051 -0.000027 0.006191 0.000079 
125 -61.438006 0.000000 -15.329678 99.998222 -0.000012 0.003986 0.000036 
126 -45.694775 0.000000 -30.740858 99.994665 0.000006 0.003514 0.000107 
127 -22.079928 0.000000 -7.624089 99.983910 -0.000185 0.022908 0.000322 
128 -29.951544 0.000000 -7.624089 99.992753 -0.000101 0.014590 0.000145 
129 -22.079928 0.000000 -15.329678 99.978510 -0.000096 0.012162 0.000430 
130 -10.272505 0.000000 -3.771294 99.933876 -0.000978 0.088314 0.001321 
131 -14.208313 0.000000 -3.771294 99.970083 -0.000530 0.055888 0.000598 
132 -10.272505 0.000000 -7.624089 99.913556 -0.000857 0.043301 0.001728 
133 -4.368793 0.000000 -1.844897 99.724517 -0.003784 0.339971 0.005491 
134 -6.336697 0.000000 -1.844897 99.874481 -0.002116 0.218689 0.002504 
135 -4.368793 0.000000 -3.771294 99.657603 -0.004225 0.163738 0.006834 
136 -1.416937 0.000000 -0.881698 98.539311 -0.011500 1.544386 0.028762 
137 -2.400889 0.000000 -0.881698 99.352795 -0.006577 1.071655 0.012787 
138 -1.416937 0.000000 -1.844897 98.505484 -0.014602 0.596335 0.029631 
139 0.058991 0.000000 -0.400099 91.326429 -0.047083 0.402002 0.165932 
140 -0.432985 0.000000 -0.400099 95.845457 -0.020471 3.103239 0.080402 
141 0.058991 0.000000 -0.881698 94.437083 -0.045755 -0.195842 0.108160 
142 0.550967 0.000000 -0.400099 90.743666 -0.109441 -5.080250 0.173977 
143 2.518871 0.000000 1.044699 101.862463 0.163877 -6.870233 -0.042319 
144 2.518871 0.000000 0.081501 99.622377 0.450685 -7.900451 0.001276 
145 3.502823 0.000000 1.044699 100.784758 0.182710 -5.627457 -0.018927 
146 2.518871 0.000000 2.007898 102.175124 0.097421 -4.303112 -0.045828 
147 1.042943 0.000000 0.563100 108.882137 0.140804 -12.352160 -0.200792 
148 1.042943 0.000000 0.081501 104.070531 0.218146 -27.918100 -0.161014 
149 1.534919 0.000000 0.563100 103.364869 0.185836 -10.929424 -0.080378 
150 1.042943 0.000000 1.044699 106.912619 0.096267 -6.178368 -0.146849 
151 0.304979 0.000000 0.322300 122.684878 0.066932 1.139342 -0.505288 
152 0.058991 0.000000 0.322300 112.045612 0.027726 11.395571 -0.268408 
153 0.304979 0.000000 0.081501 125.641648 0.035401 -0.981481 -0.578679 
154 0.550967 0.000000 0.322300 122.418818 0.107902 -11.423430 -0.511687 
155 0.304979 0.000000 0.563100 113.841946 0.056041 0.751669 -0.296056 
156 -0.924961 0.000000 0.563100 101.056216 0.002245 3.321608 -0.022339 
157 -1.416937 0.000000 0.563100 100.511300 -0.000066 2.161560 -0.010719 
158 -0.924961 0.000000 0.081501 99.384377 -0.005020 3.582162 0.010991 
159 -0.924961 0.000000 1.044699 102.053730 0.007328 2.419376 -0.042082 
160 -0.186997 0.000000 0.322300 103.004179 0.008847 9.239869 -0.069524 
161 -0.432985 0.000000 0.322300 100.887564 0.002601 6.059815 -0.021502 
162 -0.186997 0.000000 0.081501 95.827835 -0.005895 10.754712 0.070136 
163 -0.186997 0.000000 0.563100 105.050816 0.017001 5.766759 -0.106893 
164 2.518871 0.000000 -0.881698 97.914219 -0.185014 -6.247943 0.037373 
165 2.518871 0.000000 -1.844897 97.884781 -0.103596 -3.948663 0.040297 
166 3.502823 0.000000 -0.881698 99.014933 -0.192542 -5.423655 0.016659 
167 1.042943 0.000000 -0.400099 93.205958 -0.192956 -8.330181 0.124322 
168 1.042943 0.000000 -0.881698 94.434131 -0.116792 -4.934308 0.105783 
169 1.534919 0.000000 -0.400099 95.776630 -0.316518 -8.267305 0.075839 
170 0.304979 0.000000 -0.159299 87.901014 -0.092750 -4.562895 0.225258 
171 0.058991 0.000000 -0.159299 86.708599 -0.043950 0.006826 0.248162 
172 0.304979 0.000000 -0.400099 90.485643 -0.074821 -2.577241 0.180570 
173 0.550967 0.000000 -0.159299 89.380210 -0.141750 -8.859466 0.193267 
174 0.181985 0.000000 0.201901 132.632364 0.056029 10.709720 -0.770605 
175 0.058991 0.000000 0.201901 114.023933 0.024297 18.763766 -0.335354 
176 0.181985 0.000000 0.081501 129.444586 0.047354 22.510260 -0.726261 
177 0.304979 0.000000 0.201901 133.611613 0.056515 -1.632533 -0.785473 
178 0.181985 0.000000 0.322300 118.575886 0.045890 7.674012 -0.411913 
179 -0.924961 0.000000 -0.400099 98.097004 -0.012074 2.620518 0.037011 
180 -1.416937 0.000000 -0.400099 98.993525 -0.008343 1.950887 0.019648 
181 -0.924961 0.000000 -0.881698 97.662978 -0.016608 1.704174 0.045904 
182 -0.186997 0.000000 -0.159299 92.569481 -0.021548 5.253236 0.140329 
183 -0.432985 0.000000 -0.159299 96.365909 -0.014322 4.661108 0.069189 
184 -0.186997 0.000000 -0.400099 93.649202 -0.029891 2.540060 0.122337 
185 -0.064003 0.000000 0.201901 102.949350 0.008404 15.906907 -0.085160 
186 -0.186997 0.000000 0.201901 100.119936 0.002371 10.908853 -0.014300 
187 -0.064003 0.000000 0.081501 91.653583 -0.004303 19.142461 0.123319 
188 -0.064003 0.000000 0.322300 106.204409 0.015758 11.155195 -0.140382 
189 0.181985 0.000000 -0.038899 83.729822 -0.061630 -13.234624 0.281416 
190 0.058991 0.000000 -0.038899 71.543367 -0.030237 -22.394723 0.438002 
191 0.181985 0.000000 -0.159299 87.115548 -0.066678 -3.208440 0.240058 
192 0.304979 0.000000 -0.038899 86.134397 -0.095134 -9.894475 0.248296 
193 0.120488 0.000000 0.141701 128.807030 0.045619 24.870369 -0.720979 
194 0.058991 0.000000 0.141701 119.570034 0.041343 40.891608 -0.596912 
195 0.120488 0.000000 0.081501 121.648347 0.041789 38.072047 -0.624780 
196 0.181985 0.000000 0.141701 131.264393 0.049690 17.548928 -0.753831 
197 0.120488 0.000000 0.201901 121.175976 0.037197 15.331730 -0.491868 
198 0.796955 0.000000 0.322300 115.656402 0.142800 -17.773997 -0.369234 
199 0.796955 0.000000 0.081501 116.596810 0.196463 -35.337396 -0.484359 
200 1.042943 0.000000 0.322300 108.526730 0.178108 -18.485880 -0.211981 
201 0.796955 0.000000 0.563100 112.592829 0.113959 -10.293591 -0.278312 
202 0.427973 0.000000 0.201901 131.091167 0.087590 -14.474254 -0.739441 
203 0.427973 0.000000 0.081501 125.610659 0.047904 -9.986223 -0.587776 
204 0.550967 0.000000 0.201901 126.230749 0.113630 -26.600748 -0.664181 
205 0.427973 0.000000 0.322300 123.793019 0.088002 -5.663206 -0.535679 
206 0.796955 0.000000 -0.159299 90.172987 -0.163614 -9.430882 0.177986 
207 0.796955 0.000000 -0.400099 91.775709 -0.147236 -7.018999 0.152793 
208 1.042943 0.000000 -0.159299 94.798898 -0.204102 -10.880318 0.089475 
209 0.427973 0.000000 -0.038899 87.421923 -0.112302 -9.057053 0.227536 
210 0.427973 0.000000 -0.159299 87.834126 -0.116687 -8.889065 0.220614 
211 0.550967 0.000000 -0.038899 92.785859 -0.102153 -10.853320 0.127298 
212 0.673961 0.000000 0.201901 126.230749 0.113630 -26.600748 -0.664181 
213 0.673961 0.000000 0.081501 122.496685 0.151088 -30.599241 -0.594177 
214 0.796955 0.000000 0.201901 116.391295 0.158097 -24.233877 -0.413424 
215 0.673961 0.000000 0.322300 119.387658 0.125757 -15.530591 -0.449463 
216 0.489470 0.000000 0.141701 129.446460 0.094374 -18.491821 -0.709834 
217 0.427973 0.000000 0.141701 132.460458 0.074041 -8.088922 -0.761121 
218 0.489470 0.000000 0.081501 129.446460 0.094374 -18.491821 -0.709834 
219 0.550967 0.000000 0.141701 128.654869 0.102836 -20.560022 -0.697480 
220 0.489470 0.000000 0.201901 131.091167 0.087590 -14.474254 -0.739441 
221 0.673961 0.000000 -0.038899 92.537598 -0.121886 -11.428608 0.130617 
222 0.673961 0.000000 -0.159299 89.937259 -0.158334 -9.256740 0.182558 
223 0.796955 0.000000 -0.038899 100.000831 -0.025918 -19.400554 -0.037655 
224 0.489470 0.000000 0.021301 109.046434 -0.014334 -13.204398 -0.206548 
225 0.427973 0.000000 0.021301 109.466311 -0.014182 -11.697051 -0.211969 
226 0.489470 0.000000 -0.038899 88.605247 -0.129126 -8.884892 0.207015 
227 0.550967 0.000000 0.021301 104.966528 -0.024551 -16.513923 -0.129068 
228 0.612464 0.000000 0.141701 124.399545 0.136523 -28.656179 -0.629644 
229 0.612464 0.000000 0.081501 123.772695 0.139290 -29.286697 -0.617741 
230 0.673961 0.000000 0.141701 122.496685 0.151088 -30.599241 -0.594177 
231 0.612464 0.000000 0.201901 126.263647 0.123359 -26.709999 -0.665595 
232 0.520218 0.000000 0.111601 128.654869 0.102836 -20.560022 -0.697480 
233 0.489470 0.000000 0.111601 129.446460 0.094374 -18.491821 -0.709834 
234 0.520218 0.000000 0.081501 128.654869 0.102836 -20.560022 -0.697480 
235 0.550967 0.000000 0.111601 128.654869 0.102836 -20.560022 -0.697480 
236 0.520218 0.000000 0.141701 128.654869 0.102836 -20.560022 -0.697480 
237 2.026895 0.000000 -0.400099 97.588701 -0.342670 -7.582036 0.041884 
238 2.026895 0.000000 -0.881698 96.990108 -0.173800 -6.325997 0.055287 
239 2.518871 0.000000 -0.400099 98.417913 -0.348550 -7.422077 0.025871 
240 2.026895 0.000000 0.081501 99.234137 0.446896 -8.672364 0.007718 
241 1.288931 0.000000 -0.159299 104.182698 -0.273333 -10.282626 -0.095984 
242 1.288931 0.000000 -0.400099 94.645727 -0.261698 -8.477956 0.097024 
243 1.534919 0.000000 -0.159299 96.094536 -0.896263 -9.551887 0.067380 
244 1.288931 0.000000 0.081501 97.844600 0.335693 -18.418394 0.008708 
245 2.026895 0.000000 0.563100 101.577240 0.210414 -9.122689 -0.040120 
246 2.518871 0.000000 0.563100 101.063799 0.223670 -8.336353 -0.028344 
247 2.026895 0.000000 1.044699 103.075088 0.148617 -7.571497 -0.068182 
248 1.288931 0.000000 0.322300 103.622071 0.217154 -15.745290 -0.098549 
249 1.534919 0.000000 0.322300 101.444730 0.248521 -12.724412 -0.045301 
250 1.288931 0.000000 0.563100 105.624674 0.165700 -12.206557 -0.130560 
251 1.165937 0.000000 -0.038899 99.326545 0.362081 -31.392065 -0.085136 
252 1.042943 0.000000 -0.038899 99.882217 0.045347 -23.607960 -0.053380 
253 1.165937 0.000000 -0.159299 101.026424 -0.221870 -6.201847 -0.024485 
254 1.288931 0.000000 -0.038899 91.552329 0.463432 -16.835656 0.133452 
255 1.165937 0.000000 0.081501 99.970161 0.267113 -23.335196 -0.053864 
256 -14.208313 0.000000 -46.152037 99.987867 0.000047 -0.004583 0.000243 
257 -29.951544 0.000000 -46.152037 99.991874 0.000035 0.000028 0.000163 
258 -14.208313 0.000000 -61.563216 99.992674 -0.000684 -0.003691 0.000147 
259 1.534919 0.000000 -46.152037 99.985799 0.000086 -0.012928 0.000284 
260 -6.336697 0.000000 -23.035268 99.952064 -0.000090 -0.021163 0.000958 
261 -14.208313 0.000000 -23.035268 99.967606 -0.000045 -0.002222 0.000648 
262 -6.336697 0.000000 -30.740858 99.970945 0.000011 -0.015783 0.000581 
263 1.534919 0.000000 -23.035268 99.944400 -0.000087 -0.054539 0.001111 
264 -2.400889 0.000000 -11.476884 99.816113 -0.002051 -0.085501 0.003674 
265 -6.336697 0.000000 -11.476884 99.872757 -0.001114 -0.014991 0.002543 
266 -2.400889 0.000000 -15.329678 99.887235 -0.001056 -0.064640 0.002254 
267 1.534919 0.000000 -11.476884 99.791467 -0.003294 -0.207126 0.004162 
268 -0.432985 0.000000 -5.697691 99.354201 -0.011184 -0.310534 0.012865 
269 -2.400889 0.000000 -5.697691 99.525535 -0.006528 -0.058153 0.009466 
270 -0.432985 0.000000 -7.624089 99.589705 -0.007025 -0.238015 0.008183 
271 1.534919 0.000000 -5.697691 99.307223 -0.017647 -0.680183 0.013761 
272 0.550967 0.000000 -2.808095 97.861023 -0.036219 -1.044479 0.042213 
273 -0.432985 0.000000 -2.808095 98.245193 -0.023141 -0.265572 0.034781 
274 0.550967 0.000000 -3.771294 98.722764 -0.026015 -0.770588 0.025322 
275 1.534919 0.000000 -2.808095 98.007806 -0.051816 -1.877242 0.039094 
276 1.042943 0.000000 -1.363297 95.895379 -0.083689 -3.194394 0.079387 
277 0.550967 0.000000 -1.363297 95.876486 -0.061002 -1.859348 0.080424 
278 1.042943 0.000000 -1.844897 96.559264 -0.065197 -2.416832 0.067046 
279 1.534919 0.000000 -1.363297 96.314114 -0.105784 -4.308934 0.070501 
280 1.288931 0.000000 -0.640898 94.782414 -0.175037 -6.852903 0.096930 
281 1.042943 0.000000 -0.640898 93.842725 -0.145521 -6.223958 0.115478 
282 1.288931 0.000000 -0.881698 95.305078 -0.135657 -5.357121 0.088822 
283 1.534919 0.000000 -0.640898 95.788069 -0.199066 -6.936598 0.077649 
284 1.165937 0.000000 -0.279699 94.279781 -0.280877 -9.413175 0.102264 
285 1.042943 0.000000 -0.279699 93.049695 -0.227848 -9.786643 0.124592 
286 1.165937 0.000000 -0.400099 94.044933 -0.224442 -8.383375 0.108522 
287 1.288931 0.000000 -0.279699 94.967762 -0.363569 -9.016136 0.089970 
288 1.780907 0.000000 -0.159299 97.510219 -0.904097 -8.568947 0.041751 
289 1.780907 0.000000 -0.400099 96.797522 -0.335341 -8.005242 0.056604 
290 2.026895 0.000000 -0.159299 98.260442 -0.907147 -7.582214 0.028657 
291 1.780907 0.000000 0.081501 98.918992 0.442320 -10.106517 0.011270 
292 1.411925 0.000000 -0.038899 95.116838 0.611882 -12.542838 0.079509 
293 1.411925 0.000000 -0.159299 94.968508 -0.881120 -9.596331 0.088812 
294 1.534919 0.000000 -0.038899 96.779352 0.642152 -11.032106 0.051164 
295 1.411925 0.000000 0.081501 97.764869 0.395356 -14.820566 0.022222 
296 1.227434 0.000000 -0.099099 103.013484 -0.075062 -14.121946 -0.081121 
297 1.165937 0.000000 -0.099099 99.547777 0.072717 -18.336607 -0.024600 
298 1.227434 0.000000 -0.159299 103.882637 -0.070852 -12.850348 -0.095674 
299 1.288931 0.000000 -0.099099 102.987323 -0.246484 -10.505501 -0.071682 
300 1.227434 0.000000 -0.038899 98.749588 0.370885 -28.144187 -0.054371 
301 1.411925 0.000000 -0.279699 95.250016 -0.432550 -9.058566 0.084519 
302 1.411925 0.000000 -0.400099 95.196129 -0.294879 -8.431985 0.086651 
303 1.534919 0.000000 -0.279699 95.892632 -0.462744 -8.819601 0.072660 
304 1.227434 0.000000 -0.219499 94.989911 -0.378737 -9.615072 0.088432 
305 1.165937 0.000000 -0.219499 94.538313 -0.317486 -9.830477 0.096577 
306 1.227434 0.000000 -0.279699 94.682921 -0.319622 -9.225115 0.094994 
307 1.288931 0.000000 -0.219499 95.332463 -0.457210 -9.105230 0.082861 
308 1.350428 0.000000 -0.099099 102.801580 -0.378872 -8.441028 -0.063956 
309 1.350428 0.000000 -0.159299 94.716121 -0.855171 -8.615348 0.095390 
310 1.411925 0.000000 -0.099099 94.660760 1.219024 -10.761732 0.092204 
311 1.350428 0.000000 -0.038899 93.513052 0.564409 -13.598497 0.107007 
312 1.258182 0.000000 -0.129199 103.829725 -0.161116 -12.219438 -0.092995 
313 1.227434 0.000000 -0.129199 103.829725 -0.161116 -12.219438 -0.092995 
314 1.258182 0.000000 -0.159299 104.152116 -0.264845 -9.072574 -0.093005 
315 1.288931 0.000000 -0.129199 103.722325 -0.308513 -9.668760 -0.085190 
316 1.258182 0.000000 -0.099099 103.829725 -0.161116 -12.219438 -0.092995 
317 0.919949 0.000000 -0.038899 101.355911 0.029815 -23.660844 -0.083286 
318 0.919949 0.000000 -0.159299 92.052492 -0.185577 -10.328837 0.141962 
319 0.919949 0.000000 0.081501 112.342016 0.232351 -37.015875 -0.399096 
320 -0.064003 0.000000 -0.038899 85.732370 -0.020409 7.880534 0.258786 
321 -0.186997 0.000000 -0.038899 92.914073 -0.014547 7.962641 0.130357 
322 -0.064003 0.000000 -0.159299 89.136195 -0.029373 3.869350 0.203977 
323 0.120488 0.000000 0.021301 74.971842 -0.038889 -19.793992 0.398742 
324 0.058991 0.000000 0.021301 71.548393 -0.002805 3.321590 0.486979 
325 0.120488 0.000000 -0.038899 81.461262 -0.053258 -15.256198 0.313131 
326 0.181985 0.000000 0.021301 83.729822 -0.061630 -13.234624 0.281416 
327 -0.002506 0.000000 0.021301 58.998076 0.000735 -0.290502 0.651914 
328 -0.064003 0.000000 0.021301 85.304767 -0.013067 13.641249 0.253701 
329 -0.002506 0.000000 -0.038899 61.399930 -0.014956 -26.874485 0.550781 
330 -0.002506 0.000000 0.081501 70.103085 0.015940 18.327648 0.474965 
331 -0.002506 0.000000 0.141701 104.074316 0.009822 24.521066 -0.143275 
332 -0.064003 0.000000 0.141701 98.847482 0.002968 18.504488 -0.011324 
333 -0.002506 0.000000 0.201901 107.218109 0.014563 18.512926 -0.183845 
334 0.028242 0.000000 0.051401 69.323452 0.009788 13.764747 0.500479 
335 -0.002506 0.000000 0.051401 56.913265 0.011874 13.794292 0.657060 
336 0.028242 0.000000 0.021301 63.309386 -0.002986 -0.870917 0.599116 
337 0.058991 0.000000 0.051401 76.806162 0.003392 10.527234 0.398999 
338 0.028242 0.000000 0.081501 77.308421 0.019951 23.498088 0.347125 
339 -0.678973 0.000000 -0.159299 97.908036 -0.010956 3.595884 0.040109 
340 -0.924961 0.000000 -0.159299 98.590426 -0.008749 3.282446 0.026915 
341 -0.678973 0.000000 -0.400099 97.230405 -0.015548 2.979971 0.053737 
342 -0.678973 0.000000 0.081501 99.013848 -0.005463 4.269234 0.017803 
343 -0.309991 0.000000 -0.038899 95.742230 -0.011860 6.558906 0.079041 
344 -0.432985 0.000000 -0.038899 97.108750 -0.010251 5.597119 0.053856 
345 -0.309991 0.000000 -0.159299 94.922579 -0.017082 5.119295 0.096350 
346 -0.309991 0.000000 0.081501 97.464086 -0.006007 7.731063 0.044098 
347 -0.125500 0.000000 0.021301 91.284452 -0.011349 11.268435 0.154017 
348 -0.186997 0.000000 0.021301 93.988401 -0.010327 9.545536 0.107506 
349 -0.125500 0.000000 -0.038899 90.206945 -0.016737 8.449088 0.179132 
350 -0.125500 0.000000 0.081501 94.255957 -0.005527 13.552504 0.093214 
351 -0.033255 0.000000 0.051401 59.295082 0.009924 10.571988 0.637233 
352 -0.064003 0.000000 0.051401 87.667033 -0.008657 17.141651 0.202066 
353 -0.033255 0.000000 0.021301 49.972091 0.001936 -6.740916 0.745735 
354 -0.033255 0.000000 0.081501 67.325027 0.026780 44.597103 0.347844 
355 0.058991 0.000000 -1.363297 96.162897 -0.041621 -0.513557 0.075243 
356 -0.432985 0.000000 -1.363297 96.865777 -0.027550 0.534194 0.061674 
357 0.058991 0.000000 -1.844897 96.824154 -0.036794 -0.555849 0.062477 
358 -0.186997 0.000000 -0.640898 94.624969 -0.033692 1.386135 0.104419 
359 -0.432985 0.000000 -0.640898 95.917440 -0.024494 2.021945 0.079576 
360 -0.186997 0.000000 -0.881698 95.248934 -0.034778 0.766444 0.092705 
361 0.058991 0.000000 -0.640898 93.307250 -0.047005 0.026953 0.129375 
362 -0.064003 0.000000 -0.279699 91.124670 -0.034284 2.493994 0.169007 
363 -0.186997 0.000000 -0.279699 93.069926 -0.026492 3.594298 0.132507 
364 -0.064003 0.000000 -0.400099 92.424299 -0.037181 1.653678 0.145501 
365 0.058991 0.000000 -0.279699 89.647799 -0.045982 0.439038 0.196308 
366 -0.002506 0.000000 -0.099099 85.037956 -0.032461 2.534528 0.276212 
367 -0.064003 0.000000 -0.099099 87.617490 -0.025598 5.214448 0.229598 
368 -0.002506 0.000000 -0.159299 87.561116 -0.035635 2.144621 0.232845 
369 0.058991 0.000000 -0.099099 84.162305 -0.042857 -1.002065 0.291570 
370 0.028242 0.000000 -0.008799 58.518451 -0.010361 -13.547241 0.639206 
371 -0.002506 0.000000 -0.008799 55.313566 -0.005749 -10.994869 0.681952 
372 0.028242 0.000000 -0.038899 57.956089 -0.014223 -23.554328 0.608629 
373 0.058991 0.000000 -0.008799 61.621478 -0.015467 -13.041780 0.603271 
374 0.012868 0.000000 0.036351 59.811412 0.002969 4.870194 0.639888 
375 -0.002506 0.000000 0.036351 59.317386 0.005094 7.535788 0.642466 
376 0.012868 0.000000 0.021301 58.998076 0.000735 -0.290502 0.651914 
377 0.028242 0.000000 0.036351 66.760508 0.006345 6.801040 0.549678 
378 0.012868 0.000000 0.051401 69.562367 0.011942 16.490194 0.488915 
379 0.796955 0.000000 -0.640898 92.873723 -0.116769 -5.298227 0.134639 
380 0.550967 0.000000 -0.640898 92.479666 -0.090368 -3.591814 0.143460 
381 0.796955 0.000000 -0.881698 94.015330 -0.097527 -3.925409 0.114570 
382 0.919949 0.000000 -0.279699 91.936347 -0.194587 -9.128744 0.146434 
383 0.796955 0.000000 -0.279699 91.146443 -0.169110 -8.334295 0.162284 
384 0.919949 0.000000 -0.400099 92.391889 -0.168069 -7.892190 0.140142 
385 0.981446 0.000000 -0.099099 96.365618 -0.083412 -16.655263 0.043626 
386 0.919949 0.000000 -0.099099 96.097919 -0.100303 -15.813775 0.051510 
387 0.981446 0.000000 -0.159299 94.568298 -0.196804 -11.109836 0.093337 
388 1.042943 0.000000 -0.099099 99.882217 0.045347 -23.607960 -0.053380 
389 0.981446 0.000000 -0.038899 105.358756 0.157433 -30.862192 -0.205297 
390 1.104440 0.000000 -0.099099 98.063794 0.027027 -19.848574 -0.001047 
391 1.104440 0.000000 -0.159299 98.071335 -0.216128 -8.241447 0.031405 
392 1.104440 0.000000 -0.038899 100.468506 0.260826 -31.743158 -0.110162 
393 1.196685 0.000000 -0.129199 102.108246 -0.038819 -13.891858 -0.061908 
394 1.165937 0.000000 -0.129199 99.620148 0.046987 -17.695967 -0.023732 
395 1.196685 0.000000 -0.159299 104.069424 -0.177389 -9.510697 -0.092093 
396 1.196685 0.000000 -0.099099 101.796593 0.010744 -16.282376 -0.062766 
397 1.165937 0.000000 0.201901 103.647120 0.228860 -20.252098 -0.115293 
398 1.042943 0.000000 0.201901 107.125035 0.200239 -22.685510 -0.199045 
399 1.288931 0.000000 0.201901 101.435999 0.261408 -17.436231 -0.059335 
400 1.165937 0.000000 0.322300 105.662244 0.197563 -17.262795 -0.146255 
401 1.227434 0.000000 0.021301 95.686827 0.331641 -21.520185 0.038080 
402 1.165937 0.000000 0.021301 97.172030 0.282051 -24.946201 -0.006480 
403 1.288931 0.000000 0.021301 95.219215 0.391477 -18.150881 0.060369 
404 1.227434 0.000000 0.081501 98.597509 0.299735 -20.810001 -0.015461 
405 1.258182 0.000000 -0.068999 103.096076 -0.144489 -13.854938 -0.082078 
406 1.227434 0.000000 -0.068999 102.951746 -0.003938 -15.403739 -0.083634 
407 1.288931 0.000000 -0.068999 104.182698 -0.273333 -10.282626 -0.095984 
408 1.258182 0.000000 -0.038899 91.248898 0.400537 -19.276366 0.130190 
409 1.242808 0.000000 -0.114149 103.829725 -0.161116 -12.219438 -0.092995 
410 1.227434 0.000000 -0.114149 103.829725 -0.161116 -12.219438 -0.092995 
411 1.242808 0.000000 -0.129199 103.829725 -0.161116 -12.219438 -0.092995 
412 1.258182 0.000000 -0.114149 103.829725 -0.161116 -12.219438 -0.092995 
413 1.242808 0.000000 -0.099099 103.829725 -0.161116 -12.219438 -0.092995 
414 48.764612 0.000000 -15.329678 99.996325 -0.002185 -0.239609 0.000068 
415 48.764612 0.000000 -30.740858 99.994835 -0.000057 -0.060831 0.000103 
416 64.507843 0.000000 -15.329678 99.998197 0.000400 -0.232595 0.000031 
417 48.764612 0.000000 0.081501 99.999372 0.408546 -3.652626 -0.001338 
418 25.149765 0.000000 -7.624089 99.985118 0.016994 -0.785064 0.000236 
419 25.149765 0.000000 -15.329678 99.979599 0.002384 -0.248008 0.000402 
420 33.021381 0.000000 -7.624089 99.993397 0.015122 -0.776941 0.000072 
421 25.149765 0.000000 0.081501 99.999500 -0.389102 -3.673196 -0.001354 
422 48.764612 0.000000 15.492680 100.003667 0.002017 -0.244272 -0.000079 
423 64.507843 0.000000 15.492680 100.001869 -0.002470 -0.237478 -0.000043 
424 48.764612 0.000000 30.903859 100.005155 0.000058 -0.061468 -0.000103 
425 40.892997 0.000000 -7.624089 99.996608 -0.001654 -0.771683 0.000008 
426 40.892997 0.000000 -15.329678 99.994026 -0.000619 -0.242334 0.000114 
427 48.764612 0.000000 -7.624089 99.998072 -0.016439 -0.766926 -0.000020 
428 40.892997 0.000000 0.081501 99.999983 0.018285 -3.670399 -0.001347 
429 25.149765 0.000000 7.787090 100.014587 -0.014288 -0.802125 -0.000356 
430 33.021381 0.000000 7.787090 100.006617 -0.009128 -0.793598 -0.000195 
431 25.149765 0.000000 15.492680 100.020260 -0.002075 -0.253086 -0.000412 
432 29.085573 0.000000 -3.771294 99.994907 0.061753 -1.865692 -0.000247 
433 25.149765 0.000000 -3.771294 99.991791 0.062512 -1.872278 -0.000187 
434 29.085573 0.000000 -7.624089 99.990298 0.016792 -0.780436 0.000133 
435 33.021381 0.000000 -3.771294 99.996625 0.045245 -1.860932 -0.000279 
436 29.085573 0.000000 0.081501 99.999756 -0.438585 -3.656857 -0.001352 
437 21.213958 0.000000 -3.771294 99.985849 0.047955 -1.882171 -0.000071 
438 17.278150 0.000000 -3.771294 99.973432 0.021519 -1.898397 0.000171 
439 21.213958 0.000000 -7.624089 99.975966 0.012976 -0.791600 0.000418 
440 21.213958 0.000000 0.081501 99.999218 -0.259881 -3.689733 -0.001353 
441 40.892997 0.000000 7.787090 100.003399 0.007008 -0.787622 -0.000130 
442 48.764612 0.000000 7.787090 100.002059 0.015488 -0.783675 -0.000103 
443 40.892997 0.000000 15.492680 100.005915 0.002605 -0.247359 -0.000124 
444 29.085573 0.000000 3.934296 100.005425 -0.058726 -1.889922 -0.000466 
445 25.149765 0.000000 3.934296 100.008156 -0.054335 -1.896154 -0.000523 
446 33.021381 0.000000 3.934296 100.003740 -0.048159 -1.885564 -0.000431 
447 29.085573 0.000000 7.787090 100.009639 -0.014495 -0.797270 -0.000256 
448 27.117669 0.000000 -1.844897 99.996830 0.133745 -3.109932 -0.000906 
449 25.149765 0.000000 -1.844897 99.995841 0.134290 -3.113420 -0.000888 
450 27.117669 0.000000 -3.771294 99.993586 0.064160 -1.868704 -0.000221 
451 29.085573 0.000000 -1.844897 99.997540 0.124794 -3.106411 -0.000917 
452 27.117669 0.000000 0.081501 99.999617 -0.443889 -3.646660 -0.001342 
453 21.213958 0.000000 3.934296 100.013278 -0.036628 -1.906016 -0.000629 
454 17.278150 0.000000 3.934296 100.024272 -0.009971 -1.922847 -0.000855 
455 21.213958 0.000000 7.787090 100.023321 -0.013596 -0.808858 -0.000532 
456 23.181862 0.000000 -1.844897 99.994452 0.126690 -3.118032 -0.000863 
457 21.213958 0.000000 -1.844897 99.992473 0.111526 -3.124356 -0.000827 
458 23.181862 0.000000 -3.771294 99.989318 0.056997 -1.876663 -0.000139 
459 23.181862 0.000000 0.081501 99.999381 -0.331617 -3.675654 -0.001350 
460 27.117669 0.000000 2.007898 100.003486 -0.124098 -3.086902 -0.001024 
461 25.149765 0.000000 2.007898 100.004201 -0.109475 -3.090614 -0.001040 
462 29.085573 0.000000 2.007898 100.002943 -0.131000 -3.083492 -0.001011 
463 27.117669 0.000000 3.934296 100.006603 -0.058371 -1.892728 -0.000491 
464 26.133717 0.000000 -0.881698 99.998164 0.210849 -3.863560 -0.001460 
465 25.149765 0.000000 -0.881698 99.997865 0.210998 -3.864335 -0.001455 
466 26.133717 0.000000 -1.844897 99.996377 0.135050 -3.111630 -0.000898 
467 27.117669 0.000000 -0.881698 99.998417 0.207724 -3.861671 -0.001464 
468 26.133717 0.000000 0.081501 99.999555 -0.412609 -3.668195 -0.001354 
469 23.181862 0.000000 2.007898 100.005198 -0.088192 -3.095377 -0.001063 
470 21.213958 0.000000 2.007898 100.006645 -0.061639 -3.101645 -0.001095 
471 23.181862 0.000000 3.934296 100.010278 -0.046929 -1.900470 -0.000567 
472 24.165813 0.000000 -0.881698 99.997512 0.208783 -3.865838 -0.001449 
473 23.181862 0.000000 -0.881698 99.997089 0.201894 -3.867974 -0.001442 
474 24.165813 0.000000 -1.844897 99.995207 0.131485 -3.115522 -0.000877 
475 24.165813 0.000000 0.081501 99.999432 -0.372726 -3.676066 -0.001354 
476 26.133717 0.000000 1.044699 100.001854 -0.171015 -3.836960 -0.001512 
477 25.149765 0.000000 1.044699 100.002009 -0.157491 -3.838612 -0.001516 
478 27.117669 0.000000 1.044699 100.001724 -0.181959 -3.835103 -0.001509 
479 26.133717 0.000000 2.007898 100.003816 -0.117694 -3.088686 -0.001032 
480 25.641741 0.000000 -0.400099 99.998944 0.357373 -3.809367 -0.001443 
481 25.149765 0.000000 -0.400099 99.998850 0.352597 -3.810360 -0.001441 
482 25.641741 0.000000 -0.881698 99.998021 0.211542 -3.863998 -0.001458 
483 26.133717 0.000000 -0.400099 99.999030 0.355003 -3.809566 -0.001444 
484 25.641741 0.000000 0.081501 99.999524 -0.406207 -3.668497 -0.001353 
485 36.957189 0.000000 -3.771294 99.997624 0.017204 -1.857240 -0.000297 
486 36.957189 0.000000 -7.624089 99.995338 0.007175 -0.774148 0.000033 
487 40.892997 0.000000 -3.771294 99.998275 -0.014971 -1.854259 -0.000309 
488 36.957189 0.000000 0.081501 100.000152 -0.204894 -3.672359 -0.001356 
489 31.053477 0.000000 -1.844897 99.998050 0.107960 -3.103803 -0.000926 
490 31.053477 0.000000 -3.771294 99.995889 0.055344 -1.863140 -0.000265 
491 33.021381 0.000000 -1.844897 99.998420 0.083413 -3.101370 -0.000931 
492 31.053477 0.000000 0.081501 99.999890 -0.405770 -3.661273 -0.001355 
493 36.957189 0.000000 3.934296 100.002585 -0.025417 -1.882041 -0.000406 
494 40.892997 0.000000 3.934296 100.001802 0.003545 -1.878895 -0.000389 
495 36.957189 0.000000 7.787090 100.004671 -0.000096 -0.791032 -0.000156 
496 31.053477 0.000000 2.007898 100.002499 -0.129612 -3.080857 -0.001001 
497 33.021381 0.000000 2.007898 100.002111 -0.119234 -3.078639 -0.000991 
498 31.053477 0.000000 3.934296 100.004496 -0.055272 -1.887585 -0.000447 
499 30.069525 0.000000 -0.881698 99.998962 0.175990 -3.854938 -0.001468 
500 29.085573 0.000000 -0.881698 99.998811 0.190559 -3.855819 -0.001467 
501 30.069525 0.000000 -1.844897 99.997816 0.117346 -3.104992 -0.000922 
502 31.053477 0.000000 -0.881698 99.999092 0.160440 -3.854631 -0.001470 
503 30.069525 0.000000 0.081501 99.999839 -0.408923 -3.659203 -0.001352 
504 34.989285 0.000000 -1.844897 99.998689 0.053491 -3.098994 -0.000934 
505 34.989285 0.000000 -3.771294 99.997186 0.032213 -1.858979 -0.000289 
506 36.957189 0.000000 -1.844897 99.998889 0.020344 -3.096881 -0.000937 
507 34.989285 0.000000 0.081501 100.000136 -0.284737 -3.668318 -0.001356 
508 56.636228 0.000000 -7.624089 99.998730 -0.014589 -0.763427 -0.000033 
509 56.636228 0.000000 -15.329678 99.997506 -0.001463 -0.236625 0.000044 
510 64.507843 0.000000 -7.624089 99.999060 -0.000553 -0.759788 -0.000039 
511 56.636228 0.000000 0.081501 99.999729 0.401506 -3.653196 -0.001345 
512 44.828804 0.000000 -3.771294 99.998755 -0.043654 -1.851908 -0.000318 
513 44.828804 0.000000 -7.624089 99.997474 -0.009282 -0.769372 -0.000009 
514 48.764612 0.000000 -3.771294 99.999110 -0.061713 -1.849975 -0.000325 
515 44.828804 0.000000 0.081501 99.999644 0.202873 -3.658112 -0.001335 
516 38.925093 0.000000 -1.844897 99.999046 -0.013757 -3.094864 -0.000939 
517 38.925093 0.000000 -3.771294 99.997978 0.001158 -1.855670 -0.000304 
518 40.892997 0.000000 -1.844897 99.999173 -0.046990 -3.092972 -0.000940 
519 38.925093 0.000000 0.081501 100.000101 -0.130131 -3.670285 -0.001351 
520 34.989285 0.000000 2.007898 100.001755 -0.101225 -3.076642 -0.000983 
521 36.957189 0.000000 2.007898 100.001424 -0.077014 -3.074939 -0.000975 
522 34.989285 0.000000 3.934296 100.003112 -0.037961 -1.883739 -0.000417 
523 35.973237 0.000000 -0.881698 99.999486 0.046014 -3.847088 -0.001470 
524 34.989285 0.000000 -0.881698 99.999437 0.071597 -3.848354 -0.001470 
525 35.973237 0.000000 -1.844897 99.998796 0.037165 -3.097908 -0.000936 
526 36.957189 0.000000 -0.881698 99.999524 0.019356 -3.845977 -0.001470 
527 35.973237 0.000000 0.081501 100.000143 -0.255672 -3.668943 -0.001356 
528 56.636228 0.000000 7.787090 100.001488 0.010931 -0.779877 -0.000091 
529 64.507843 0.000000 7.787090 100.001171 -0.003810 -0.775604 -0.000084 
530 56.636228 0.000000 15.492680 100.002532 -0.000350 -0.241289 -0.000056 
531 44.828804 0.000000 3.934296 100.001337 0.031815 -1.876134 -0.000379 
532 48.764612 0.000000 3.934296 100.001114 0.052401 -1.873780 -0.000374 
533 44.828804 0.000000 7.787090 100.002579 0.011675 -0.785627 -0.000113 
534 42.860901 0.000000 -1.844897 99.999281 -0.077898 -3.091831 -0.000942 
535 42.860901 0.000000 -3.771294 99.998531 -0.030245 -1.853023 -0.000314 
536 44.828804 0.000000 -1.844897 99.999374 -0.103888 -3.090854 -0.000944 
537 42.860901 0.000000 0.081501 99.999818 0.138108 -3.672879 -0.001347 
538 52.700420 0.000000 -3.771294 99.999340 -0.064921 -1.848156 -0.000329 
539 52.700420 0.000000 -7.624089 99.998473 -0.018229 -0.765070 -0.000028 
540 56.636228 0.000000 -3.771294 99.999467 -0.052166 -1.846420 -0.000331 
541 52.700420 0.000000 0.081501 99.999414 0.437081 -3.637694 -0.001331 
542 46.796708 0.000000 -1.844897 99.999453 -0.122665 -3.089922 -0.000945 
543 46.796708 0.000000 -3.771294 99.998948 -0.054341 -1.850887 -0.000322 
544 48.764612 0.000000 -1.844897 99.999520 -0.134672 -3.089881 -0.000947 
545 46.796708 0.000000 0.081501 99.999485 0.301481 -3.655526 -0.001335 
546 42.860901 0.000000 2.007898 100.000673 0.017128 -3.070701 -0.000956 
547 40.892997 0.000000 2.007898 100.000873 -0.016158 -3.071863 -0.000961 
548 44.828804 0.000000 2.007898 100.000533 0.049417 -3.069541 -0.000953 
549 42.860901 0.000000 3.934296 100.001533 0.018233 -1.877468 -0.000383 
550 43.844852 0.000000 -0.881698 99.999593 -0.153309 -3.840648 -0.001469 
551 42.860901 0.000000 -0.881698 99.999597 -0.132823 -3.841007 -0.001469 
552 43.844852 0.000000 -1.844897 99.999330 -0.091750 -3.091376 -0.000943 
553 44.828804 0.000000 -0.881698 99.999587 -0.170403 -3.839856 -0.001469 
554 43.844852 0.000000 0.081501 99.999724 0.177512 -3.663266 -0.001340 
555 52.700420 0.000000 3.934296 100.001011 0.060389 -1.871707 -0.000371 
556 56.636228 0.000000 3.934296 100.000919 0.053451 -1.869850 -0.000368 
557 52.700420 0.000000 7.787090 100.001723 0.015522 -0.781736 -0.000096 
558 50.732516 0.000000 -1.844897 99.999575 -0.138047 -3.089472 -0.000948 
559 50.732516 0.000000 -3.771294 99.999240 -0.065301 -1.849081 -0.000327 
560 52.700420 0.000000 -1.844897 99.999621 -0.133097 -3.088343 -0.000948 
561 50.732516 0.000000 0.081501 99.999354 0.435839 -3.646241 -0.001336 
562 50.732516 0.000000 2.007898 100.000437 0.120590 -3.066153 -0.000950 
563 48.764612 0.000000 2.007898 100.000425 0.102623 -3.067321 -0.000950 
564 52.700420 0.000000 2.007898 100.000469 0.131395 -3.064545 -0.000950 
565 50.732516 0.000000 3.934296 100.001056 0.058175 -1.872727 -0.000372 
566 49.748564 0.000000 -0.881698 99.999585 -0.217126 -3.843528 -0.001474 
567 48.764612 0.000000 -0.881698 99.999579 -0.214858 -3.842633 -0.001473 
568 49.748564 0.000000 -1.844897 99.999549 -0.137448 -3.089832 -0.000948 
569 50.732516 0.000000 -0.881698 99.999593 -0.216712 -3.842674 -0.001473 
570 49.748564 0.000000 0.081501 99.999360 0.422356 -3.652820 -0.001339 
571 13.342342 0.000000 -3.771294 99.943227 -0.010437 -1.927419 0.000764 
572 13.342342 0.000000 -7.624089 99.922869 -0.004737 -0.807792 0.001477 
573 13.342342 0.000000 0.081501 99.996448 0.158268 -3.774168 -0.001356 
574 7.438630 0.000000 -1.844897 99.811614 -0.098182 -3.373001 0.002625 
575 7.438630 0.000000 -3.771294 99.740303 -0.049343 -2.010874 0.004783 
576 9.406534 0.000000 -1.844897 99.903974 -0.071607 -3.275265 0.000846 
577 7.438630 0.000000 0.081501 99.978472 0.399219 -4.009178 -0.001193 
578 13.342342 0.000000 3.934296 100.051777 0.019148 -1.953998 -0.001418 
579 13.342342 0.000000 7.787090 100.075367 -0.002047 -0.827011 -0.001576 
580 11.374438 0.000000 -1.844897 99.945616 -0.040435 -3.218180 0.000052 
581 11.374438 0.000000 -3.771294 99.911130 -0.025851 -1.950109 0.001396 
582 13.342342 0.000000 -1.844897 99.966647 -0.006535 -3.182785 -0.000346 
583 11.374438 0.000000 0.081501 99.993958 0.282166 -3.811874 -0.001340 
584 7.438630 0.000000 2.007898 100.156880 0.125774 -3.367378 -0.004276 
585 9.406534 0.000000 2.007898 100.078219 0.112651 -3.258219 -0.002628 
586 7.438630 0.000000 3.934296 100.246662 0.049716 -2.056732 -0.005363 
587 8.422582 0.000000 -0.881698 99.921204 -0.124785 -4.099085 -0.000107 
588 7.438630 0.000000 -0.881698 99.885880 -0.146694 -4.173644 0.000537 
589 8.422582 0.000000 -1.844897 99.867508 -0.085720 -3.317368 0.001547 
590 9.406534 0.000000 -0.881698 99.943651 -0.101475 -4.046135 -0.000511 
591 8.422582 0.000000 0.081501 99.984888 0.370227 -3.930264 -0.001256 
592 15.310246 0.000000 -1.844897 99.978283 0.028276 -3.159439 -0.000564 
593 15.310246 0.000000 -3.771294 99.961927 0.005749 -1.910701 0.000396 
594 17.278150 0.000000 -1.844897 99.985208 0.060513 -3.143590 -0.000693 
595 15.310246 0.000000 0.081501 99.997804 0.053067 -3.744921 -0.001359 
596 15.310246 0.000000 2.007898 100.017606 0.034411 -3.136538 -0.001336 
597 13.342342 0.000000 2.007898 100.026868 0.065362 -3.160189 -0.001537 
598 17.278150 0.000000 2.007898 100.012177 0.001706 -3.120723 -0.001217 
599 15.310246 0.000000 3.934296 100.034665 0.004753 -1.935905 -0.001068 
600 14.326294 0.000000 -0.881698 99.984913 0.027036 -3.923993 -0.001238 
601 13.342342 0.000000 -0.881698 99.981058 0.000640 -3.938659 -0.001172 
602 14.326294 0.000000 -1.844897 99.973260 0.010931 -3.169962 -0.000470 
603 15.310246 0.000000 -0.881698 99.987829 0.056910 -3.911778 -0.001287 
604 14.326294 0.000000 0.081501 99.997227 0.135419 -3.758427 -0.001359 
605 19.246054 0.000000 -1.844897 99.989580 0.088787 -3.132554 -0.000774 
606 19.246054 0.000000 -3.771294 99.980858 0.035881 -1.889206 0.000026 
607 19.246054 0.000000 0.081501 99.998979 -0.175640 -3.706202 -0.001356 
608 22.197910 0.000000 -0.881698 99.996583 0.193721 -3.871266 -0.001434 
609 21.213958 0.000000 -0.881698 99.995974 0.182559 -3.875071 -0.001424 
610 22.197910 0.000000 -1.844897 99.993552 0.120091 -3.120973 -0.000847 
611 22.197910 0.000000 0.081501 99.999310 -0.294817 -3.682825 -0.001351 
612 60.572036 0.000000 -3.771294 99.999553 -0.025977 -1.844621 -0.000331 
613 60.572036 0.000000 -7.624089 99.998902 -0.010109 -0.761770 -0.000036 
614 64.507843 0.000000 -3.771294 99.999678 0.006074 -1.842508 -0.000333 
615 60.572036 0.000000 0.081501 100.000087 0.264328 -3.666907 -0.001353 
616 54.668324 0.000000 -1.844897 99.999665 -0.120892 -3.087891 -0.000948 
617 54.668324 0.000000 -3.771294 99.999413 -0.060546 -1.847277 -0.000330 
618 56.636228 0.000000 -1.844897 99.999710 -0.100284 -3.087332 -0.000948 
619 54.668324 0.000000 0.081501 99.999549 0.435734 -3.651373 -0.001343 
620 51.716468 0.000000 -0.881698 99.999605 -0.210792 -3.839764 -0.001471 
621 51.716468 0.000000 -1.844897 99.999599 -0.136505 -3.088850 -0.000948 
622 52.700420 0.000000 -0.881698 99.999623 -0.203450 -3.838609 -0.001470 
623 51.716468 0.000000 0.081501 99.999382 0.430661 -3.640686 -0.001332 
624 46.796708 0.000000 2.007898 100.000453 0.078241 -3.068232 -0.000951 
625 46.796708 0.000000 3.934296 100.001202 0.043435 -1.874894 -0.000376 
626 49.748564 0.000000 1.044699 99.999953 0.161948 -3.816042 -0.001458 
627 48.764612 0.000000 1.044699 99.999950 0.146179 -3.816058 -0.001457 
628 50.732516 0.000000 1.044699 99.999967 0.175274 -3.815065 -0.001458 
629 49.748564 0.000000 2.007898 100.000428 0.112477 -3.066832 -0.000950 
630 50.240540 0.000000 -0.400099 99.999650 -0.375734 -3.790258 -0.001444 
631 49.748564 0.000000 -0.400099 99.999653 -0.375125 -3.793373 -0.001446 
632 50.240540 0.000000 -0.881698 99.999588 -0.217679 -3.843235 -0.001474 
633 50.732516 0.000000 -0.400099 99.999652 -0.373137 -3.788686 -0.001442 
634 50.240540 0.000000 0.081501 99.999352 0.429915 -3.648294 -0.001337 
635 60.572036 0.000000 3.934296 100.000804 0.032926 -1.867962 -0.000365 
636 64.507843 0.000000 3.934296 100.000710 0.004775 -1.865774 -0.000362 
637 60.572036 0.000000 7.787090 100.001311 0.002220 -0.778376 -0.000087 
638 58.604132 0.000000 -1.844897 99.999761 -0.071871 -3.086665 -0.000948 
639 58.604132 0.000000 -3.771294 99.999509 -0.040276 -1.845545 -0.000331 
640 60.572036 0.000000 -1.844897 99.999822 -0.039796 -3.085725 -0.000949 
641 58.604132 0.000000 0.081501 99.999919 0.353640 -3.661134 -0.001351 
642 58.604132 0.000000 2.007898 100.000540 0.113781 -3.061627 -0.000949 
643 56.636228 0.000000 2.007898 100.000531 0.128788 -3.062447 -0.000950 
644 60.572036 0.000000 2.007898 100.000530 0.092176 -3.060837 -0.000948 
645 58.604132 0.000000 3.934296 100.000863 0.044532 -1.868930 -0.000367 
646 57.620180 0.000000 -0.881698 99.999800 -0.125272 -3.839501 -0.001472 
647 56.636228 0.000000 -0.881698 99.999755 -0.148081 -3.839521 -0.001471 
648 57.620180 0.000000 -1.844897 99.999734 -0.086751 -3.087024 -0.000948 
649 58.604132 0.000000 -0.881698 99.999848 -0.101411 -3.839345 -0.001472 
650 57.620180 0.000000 0.081501 99.999829 0.370993 -3.658506 -0.001349 
651 62.539940 0.000000 -1.844897 99.999897 -0.005859 -3.084494 -0.000949 
652 62.539940 0.000000 -3.771294 99.999608 -0.010250 -1.843615 -0.000332 
653 64.507843 0.000000 -1.844897 99.999986 0.028200 -3.082990 -0.000950 
654 62.539940 0.000000 0.081501 100.000203 0.154299 -3.666402 -0.001351 
655 62.539940 0.000000 2.007898 100.000511 0.065370 -3.059984 -0.000947 
656 64.507843 0.000000 2.007898 100.000493 0.034560 -3.059042 -0.000946 
657 62.539940 0.000000 3.934296 100.000750 0.019443 -1.866913 -0.000364 
658 63.523891 0.000000 -0.881698 100.000095 0.027977 -3.834295 -0.001472 
659 62.539940 0.000000 -0.881698 100.000047 0.003829 -3.835656 -0.001472 
660 63.523891 0.000000 -1.844897 99.999940 0.011171 -3.083748 -0.000950 
661 64.507843 0.000000 -0.881698 100.000141 0.053650 -3.832903 -0.001472 
662 63.523891 0.000000 0.081501 100.000238 0.133077 -3.665502 -0.001350 
663 -45.694775 0.000000 -46.152037 99.995049 0.000013 0.001559 0.000099 
664 -61.438006 0.000000 -46.152037 99.996999 0.000009 0.001802 0.000060 
665 -45.694775 0.000000 -61.563216 99.995947 0.000021 0.000531 0.000081 
666 17.278150 0.000000 -46.152037 99.988005 0.000092 -0.021036 0.000240 
667 17.278150 0.000000 -61.563216 99.992737 0.000068 -0.010283 0.000145 
668 33.021381 0.000000 -46.152037 99.992031 0.000075 -0.025023 0.000159 
669 48.764612 0.000000 -46.152037 99.995180 0.000051 -0.025522 0.000096 
670 48.764612 0.000000 -61.563216 99.996027 0.000050 -0.013044 0.000079 
671 64.507843 0.000000 -46.152037 99.997100 0.000081 -0.024006 0.000058 
672 -22.079928 0.000000 -23.035268 99.980161 -0.000032 0.004530 0.000397 
673 -29.951544 0.000000 -23.035268 99.987933 -0.000024 0.005903 0.000241 
674 -22.079928 0.000000 -30.740858 99.983779 0.000006 0.000582 0.000324 
675 9.406534 0.000000 -23.035268 99.953156 0.000120 -0.087058 0.000936 
676 9.406534 0.000000 -30.740858 99.971376 0.000178 -0.044998 0.000572 
677 17.278150 0.000000 -23.035268 99.968711 0.000482 -0.104662 0.000625 
678 25.149765 0.000000 -23.035268 99.980923 0.000657 -0.110513 0.000380 
679 25.149765 0.000000 -30.740858 99.984241 0.000260 -0.060028 0.000315 
680 33.021381 0.000000 -23.035268 99.988422 0.000391 -0.111221 0.000230 
681 -10.272505 0.000000 -11.476884 99.920955 -0.000627 0.014531 0.001580 
682 -14.208313 0.000000 -11.476884 99.951516 -0.000344 0.020782 0.000969 
683 -10.272505 0.000000 -15.329678 99.935569 -0.000370 -0.000824 0.001288 
684 5.470726 0.000000 -11.476884 99.825372 -0.003947 -0.321904 0.003479 
685 5.470726 0.000000 -15.329678 99.890432 -0.001219 -0.178393 0.002187 
686 9.406534 0.000000 -11.476884 99.882228 -0.003145 -0.384306 0.002339 
687 13.342342 0.000000 -11.476884 99.927099 -0.000966 -0.406248 0.001441 
688 13.342342 0.000000 -15.329678 99.939057 0.000069 -0.236702 0.001213 
689 17.278150 0.000000 -11.476884 99.955043 0.001757 -0.410640 0.000882 
690 -4.368793 0.000000 -5.697691 99.693051 -0.003655 0.048325 0.006129 
691 -6.336697 0.000000 -5.697691 99.807338 -0.002193 0.075999 0.003849 
692 -4.368793 0.000000 -7.624089 99.750936 -0.002868 -0.009059 0.004975 
693 3.502823 0.000000 -5.697691 99.428041 -0.022955 -0.998212 0.011307 
694 3.502823 0.000000 -7.624089 99.616227 -0.012357 -0.595382 0.007625 
695 5.470726 0.000000 -5.697691 99.604485 -0.025446 -1.167209 0.007758 
696 7.438630 0.000000 -5.697691 99.745850 -0.024250 -1.227450 0.004926 
697 7.438630 0.000000 -7.624089 99.781290 -0.012500 -0.773936 0.004310 
698 9.406534 0.000000 -5.697691 99.837899 -0.020119 -1.238802 0.003086 
699 -1.416937 0.000000 -2.808095 98.892271 -0.013955 0.095114 0.022031 
700 -2.400889 0.000000 -2.808095 99.253733 -0.008886 0.251515 0.014863 
701 -1.416937 0.000000 -3.771294 99.104618 -0.012326 -0.067688 0.017827 
702 2.518871 0.000000 -2.808095 98.465350 -0.065532 -2.409000 0.029877 
703 2.518871 0.000000 -3.771294 98.904984 -0.043160 -1.602222 0.021524 
704 3.502823 0.000000 -2.808095 98.966629 -0.074221 -2.611637 0.019878 
705 -0.924961 0.000000 -1.363297 97.753924 -0.018846 0.935695 0.044329 
706 -1.416937 0.000000 -1.363297 98.454654 -0.013534 0.998435 0.030568 
707 -0.924961 0.000000 -1.844897 97.914257 -0.019428 0.522974 0.041252 
708 0.304979 0.000000 -0.640898 92.552482 -0.066330 -1.748434 0.143098 
709 0.304979 0.000000 -0.881698 93.817978 -0.060355 -1.486799 0.119597 
710 -0.678973 0.000000 0.322300 100.403588 0.000081 4.369815 -0.009998 
711 -0.924961 0.000000 0.322300 100.284517 -0.001235 3.672930 -0.007047 
712 -0.678973 0.000000 0.563100 101.585915 0.004861 3.926989 -0.033512 
713 -0.309991 0.000000 0.201901 99.668548 -0.000227 7.985522 0.000241 
714 -0.432985 0.000000 0.201901 99.604177 -0.001458 6.319090 0.003908 
715 -0.309991 0.000000 0.322300 101.553005 0.004931 7.366590 -0.036728 
716 2.026895 0.000000 -1.363297 97.040176 -0.122779 -4.892903 0.055925 
717 2.026895 0.000000 -1.844897 97.247690 -0.093434 -3.776430 0.052862 
718 2.518871 0.000000 -1.363297 97.792602 -0.134459 -4.999745 0.041159 
719 0.181985 0.000000 -0.279699 89.085233 -0.062087 -1.657639 0.206107 
720 0.181985 0.000000 -0.400099 90.701350 -0.059816 -1.108218 0.177203 
721 0.304979 0.000000 -0.279699 89.146119 -0.081274 -3.408363 0.204135 
722 0.427973 0.000000 -0.279699 89.334167 -0.102563 -4.792439 0.199643 
723 0.427973 0.000000 -0.400099 90.537487 -0.091776 -3.839628 0.178821 
724 0.550967 0.000000 -0.279699 89.606745 -0.123874 -6.142558 0.193288 
725 -0.678973 0.000000 -0.640898 96.997913 -0.018948 2.228092 0.058644 
726 -0.924961 0.000000 -0.640898 97.770705 -0.014759 2.194974 0.043607 
727 -0.678973 0.000000 -0.881698 97.055458 -0.020841 1.610632 0.057764 
728 -0.309991 0.000000 -0.279699 94.762633 -0.021450 3.862009 0.100513 
729 -0.432985 0.000000 -0.279699 95.964973 -0.017598 3.863828 0.077579 
730 -0.309991 0.000000 -0.400099 94.880285 -0.024687 2.968460 0.098892 
731 -0.125500 0.000000 0.141701 97.958143 -0.000044 14.080287 0.020595 
732 -0.186997 0.000000 0.141701 98.045704 -0.001579 11.198664 0.026163 
733 -0.125500 0.000000 0.201901 100.964493 0.004673 13.184518 -0.036766 
734 0.120488 0.000000 -0.099099 85.021264 -0.056517 -3.495344 0.275916 
735 0.120488 0.000000 -0.159299 86.688067 -0.054630 -1.857240 0.248173 
736 0.181985 0.000000 -0.099099 86.004441 -0.069287 -11.761634 0.246490 
737 0.919949 0.000000 0.201901 111.478569 0.177228 -24.046825 -0.300575 
738 0.919949 0.000000 0.322300 111.923335 0.159962 -18.746319 -0.287828 
739 0.673961 0.000000 -0.279699 90.288142 -0.145805 -7.477354 0.179212 
740 0.673961 0.000000 -0.400099 91.177870 -0.127961 -6.145351 0.164881 
741 0.612464 0.000000 0.021301 106.866563 -0.004705 -18.797067 -0.177379 
742 0.612464 0.000000 -0.038899 93.635523 -0.120924 -10.997213 0.111144 
743 0.673961 0.000000 0.021301 108.423278 0.022032 -21.367325 -0.221217 
744 1.780907 0.000000 -0.640898 96.633287 -0.214082 -6.875623 0.061469 
745 1.780907 0.000000 -0.881698 96.578639 -0.164445 -6.011492 0.063640 
746 2.026895 0.000000 -0.640898 97.229239 -0.223535 -6.983350 0.049766 
747 1.780907 0.000000 0.322300 100.657269 0.265154 -10.369106 -0.023947 
748 2.026895 0.000000 0.322300 100.397559 0.273928 -9.173284 -0.016389 
749 1.780907 0.000000 0.563100 102.037941 0.200101 -9.578062 -0.050352 
750 1.411925 0.000000 0.201901 100.358611 0.290436 -15.052329 -0.029851 
751 1.534919 0.000000 0.201901 99.950095 0.310035 -13.040676 -0.016018 
752 1.411925 0.000000 0.322300 102.278061 0.234771 -14.301477 -0.066539 
753 1.104440 0.000000 0.021301 100.482568 0.329333 -35.127281 -0.133078 
754 1.042943 0.000000 0.021301 104.965536 0.294796 -36.335602 -0.233813 
755 1.104440 0.000000 0.081501 101.888948 0.240116 -25.801287 -0.104712 
756 1.104440 0.000000 -0.219499 93.909667 -0.276810 -10.392681 0.107289 
757 1.042943 0.000000 -0.219499 93.142429 -0.248328 -10.559119 0.121293 
758 1.104440 0.000000 -0.279699 93.695231 -0.250711 -9.710360 0.112685 
759 1.350428 0.000000 0.021301 95.634606 0.445751 -15.534115 0.061251 
760 1.411925 0.000000 0.021301 96.332293 0.482775 -13.975022 0.052455 
761 1.350428 0.000000 0.081501 97.646049 0.369174 -16.280824 0.020005 
762 1.196685 0.000000 -0.068999 100.594187 0.189813 -21.705842 -0.059037 
763 1.165937 0.000000 -0.068999 100.099218 0.096649 -19.941966 -0.041754 
764 1.196685 0.000000 -0.038899 98.748885 0.375932 -29.064367 -0.059622 
765 1.350428 0.000000 -0.219499 95.189244 -0.522069 -8.934660 0.085891 
766 1.350428 0.000000 -0.279699 95.055028 -0.403456 -9.076110 0.088200 
767 1.411925 0.000000 -0.219499 95.209903 -0.558428 -9.268849 0.084885 
768 0.981446 0.000000 0.021301 109.771083 0.254257 -36.973408 -0.341679 
769 0.919949 0.000000 0.021301 107.833736 0.184541 -33.130059 -0.272575 
770 0.981446 0.000000 0.081501 107.307700 0.273648 -36.964442 -0.288139 
771 -0.125500 0.000000 -0.099099 90.375957 -0.021236 6.310149 0.179237 
772 -0.186997 0.000000 -0.099099 92.536415 -0.018312 6.467192 0.139519 
773 -0.125500 0.000000 -0.159299 90.939609 -0.024841 4.853100 0.170643 
774 -0.033255 0.000000 -0.008799 61.399930 -0.014956 -26.874485 0.550781 
775 -0.064003 0.000000 -0.008799 85.005307 -0.017041 10.278982 0.266844 
776 -0.033255 0.000000 -0.038899 82.793673 -0.023414 6.299011 0.310553 
777 0.981446 0.000000 -0.219499 92.168080 -0.227109 -10.349276 0.139789 
778 0.919949 0.000000 -0.219499 91.642242 -0.210596 -9.845979 0.150471 
779 0.981446 0.000000 -0.279699 92.458808 -0.209650 -9.514176 0.136081 
780 40.892997 0.000000 -23.035268 99.992750 -0.000134 -0.110114 0.000144 
781 40.892997 0.000000 -30.740858 99.992597 0.000034 -0.061747 0.000148 
782 48.764612 0.000000 -23.035268 99.995249 -0.000429 -0.108330 0.000094 
783 56.636228 0.000000 -23.035268 99.996730 -0.000273 -0.106087 0.000064 
784 56.636228 0.000000 -30.740858 99.996306 0.000006 -0.059318 0.000074 
785 64.507843 0.000000 -23.035268 99.997662 0.000244 -0.103158 0.000046 
786 21.213958 0.000000 -11.476884 99.971454 0.004253 -0.409305 0.000554 
787 21.213958 0.000000 -15.329678 99.970876 0.002311 -0.248046 0.000576 
788 25.149765 0.000000 -11.476884 99.981188 0.005775 -0.406547 0.000360 
789 29.085573 0.000000 -11.476884 99.987150 0.005919 -0.403709 0.000241 
790 29.085573 0.000000 -15.329678 99.985437 0.002330 -0.246968 0.000285 
791 33.021381 0.000000 -11.476884 99.990934 0.004603 -0.401136 0.000165 
792 36.957189 0.000000 -11.476884 99.993415 0.002158 -0.398886 0.000116 
793 36.957189 0.000000 -15.329678 99.992120 0.000585 -0.243843 0.000152 
794 40.892997 0.000000 -11.476884 99.995092 -0.000809 -0.396897 0.000082 
795 44.828804 0.000000 -11.476884 99.996256 -0.003592 -0.395095 0.000059 
796 44.828804 0.000000 -15.329678 99.995370 -0.001953 -0.241119 0.000087 
797 48.764612 0.000000 -11.476884 99.997078 -0.005480 -0.393396 0.000043 
798 28.101621 0.000000 -0.881698 99.998630 0.200634 -3.859288 -0.001466 
799 28.101621 0.000000 -1.844897 99.997214 0.130310 -3.108171 -0.000912 
800 28.101621 0.000000 0.081501 99.999677 -0.450735 -3.642108 -0.001340 
801 19.246054 0.000000 2.007898 100.008815 -0.030952 -3.109761 -0.001143 
802 19.246054 0.000000 3.934296 100.017657 -0.024061 -1.913242 -0.000719 
803 28.101621 0.000000 1.044699 100.001613 -0.189924 -3.832787 -0.001505 
804 29.085573 0.000000 1.044699 100.001517 -0.194913 -3.830030 -0.001501 
805 28.101621 0.000000 2.007898 100.003198 -0.128560 -3.085158 -0.001017 
806 24.165813 0.000000 1.044699 100.002196 -0.141718 -3.840729 -0.001521 
807 23.181862 0.000000 1.044699 100.002425 -0.123570 -3.843391 -0.001527 
808 24.165813 0.000000 2.007898 100.004656 -0.099578 -3.092821 -0.001051 
809 38.925093 0.000000 2.007898 100.001127 -0.048051 -3.073371 -0.000967 
810 38.925093 0.000000 3.934296 100.002151 -0.011297 -1.880428 -0.000397 
811 30.069525 0.000000 1.044699 100.001428 -0.196739 -3.828439 -0.001498 
812 31.053477 0.000000 1.044699 100.001344 -0.195643 -3.827378 -0.001496 
813 30.069525 0.000000 2.007898 100.002712 -0.131400 -3.082070 -0.001006 
814 52.700420 0.000000 -11.476884 99.997664 -0.006005 -0.391714 0.000031 
815 52.700420 0.000000 -15.329678 99.997008 -0.002300 -0.238123 0.000054 
816 56.636228 0.000000 -11.476884 99.998084 -0.005022 -0.389981 0.000023 
817 60.572036 0.000000 -11.476884 99.998396 -0.002803 -0.388097 0.000017 
818 60.572036 0.000000 -15.329678 99.997885 -0.000831 -0.234627 0.000037 
819 64.507843 0.000000 -11.476884 99.998648 0.000148 -0.385912 0.000012 
820 54.668324 0.000000 2.007898 100.000504 0.134616 -3.063408 -0.000950 
821 54.668324 0.000000 3.934296 100.000968 0.058844 -1.870758 -0.000370 
822 51.716468 0.000000 1.044699 99.999991 0.185465 -3.813129 -0.001457 
823 52.700420 0.000000 1.044699 100.000023 0.193374 -3.811764 -0.001457 
824 51.716468 0.000000 2.007898 100.000451 0.126896 -3.065321 -0.000950 
825 11.374438 0.000000 -5.697691 99.894260 -0.013960 -1.233445 0.001962 
826 11.374438 0.000000 -7.624089 99.891642 -0.009324 -0.807948 0.002101 
827 13.342342 0.000000 -5.697691 99.928756 -0.006567 -1.224033 0.001275 
828 15.310246 0.000000 -5.697691 99.950379 0.001423 -1.214785 0.000845 
829 15.310246 0.000000 -7.624089 99.944059 0.000788 -0.803904 0.001054 
830 17.278150 0.000000 -5.697691 99.964370 0.009414 -1.206835 0.000567 
831 11.374438 0.000000 2.007898 100.043868 0.091998 -3.197016 -0.001900 
832 11.374438 0.000000 3.934296 100.081581 0.032186 -1.979323 -0.002024 
833 19.246054 0.000000 -5.697691 99.973729 0.016854 -1.200283 0.000381 
834 19.246054 0.000000 -7.624089 99.968739 0.007239 -0.795715 0.000562 
835 21.213958 0.000000 -5.697691 99.980188 0.023290 -1.194929 0.000253 
836 23.181862 0.000000 -5.697691 99.984773 0.028304 -1.190528 0.000163 
837 23.181862 0.000000 -7.624089 99.981223 0.015031 -0.788019 0.000313 
838 25.149765 0.000000 -5.697691 99.988107 0.031055 -1.187198 0.000097 
839 22.197910 0.000000 1.044699 100.002704 -0.104182 -3.846606 -0.001535 
840 21.213958 0.000000 1.044699 100.003048 -0.082989 -3.850233 -0.001544 
841 22.197910 0.000000 2.007898 100.005852 -0.075528 -3.098306 -0.001078 
842 27.117669 0.000000 -5.697691 99.990577 0.032412 -1.184129 0.000048 
843 27.117669 0.000000 -7.624089 99.988053 0.017889 -0.782484 0.000178 
844 29.085573 0.000000 -5.697691 99.992441 0.031050 -1.181073 0.000012 
845 31.053477 0.000000 -5.697691 99.993860 0.028290 -1.178814 -0.000016 
846 31.053477 0.000000 -7.624089 99.992035 0.017477 -0.778695 0.000099 
847 33.021381 0.000000 -5.697691 99.994955 0.023683 -1.176849 -0.000038 
848 34.989285 0.000000 -5.697691 99.995810 0.017495 -1.175117 -0.000054 
849 34.989285 0.000000 -7.624089 99.994475 0.011097 -0.775564 0.000050 
850 36.957189 0.000000 -5.697691 99.996487 0.010178 -1.173573 -0.000067 
851 38.925093 0.000000 -5.697691 99.997031 0.002201 -1.172184 -0.000078 
852 38.925093 0.000000 -7.624089 99.996036 0.002842 -0.772862 0.000020 
853 40.892997 0.000000 -5.697691 99.997477 -0.005959 -1.170920 -0.000087 
854 42.860901 0.000000 -5.697691 99.997848 -0.013820 -1.169759 -0.000094 
855 42.860901 0.000000 -7.624089 99.997079 -0.007431 -0.770072 -0.000001 
856 44.828804 0.000000 -5.697691 99.998158 -0.020869 -1.168670 -0.000100 
857 46.796708 0.000000 -5.697691 99.998416 -0.026668 -1.167638 -0.000105 
858 46.796708 0.000000 -7.624089 99.997802 -0.012632 -0.768381 -0.000015 
859 48.764612 0.000000 -5.697691 99.998627 -0.030878 -1.166643 -0.000109 
860 50.732516 0.000000 -5.697691 99.998795 -0.033227 -1.165664 -0.000112 
861 50.732516 0.000000 -7.624089 99.998294 -0.017881 -0.765991 -0.000025 
862 52.700420 0.000000 -5.697691 99.998924 -0.032971 -1.165049 -0.000114 
863 54.668324 0.000000 -5.697691 99.999019 -0.030571 -1.163663 -0.000116 
864 54.668324 0.000000 -7.624089 99.998614 -0.018591 -0.764609 -0.000031 
865 56.636228 0.000000 -5.697691 99.999086 -0.026817 -1.162729 -0.000117 
866 58.604132 0.000000 -5.697691 99.999136 -0.021299 -1.161787 -0.000118 
867 58.604132 0.000000 -7.624089 99.998821 -0.012941 -0.762958 -0.000035 
868 60.572036 0.000000 -5.697691 99.999182 -0.014423 -1.160826 -0.000118 
869 62.539940 0.000000 -5.697691 99.999232 -0.006661 -1.159812 -0.000119 
870 62.539940 0.000000 -7.624089 99.998980 -0.005059 -0.760933 -0.000038 
871 64.507843 0.000000 -5.697691 99.999295 0.001533 -1.158710 -0.000120 
1 10 13 9 14 
2 11 10 14 4 
3 19 21 3 22 
4 13 19 22 9 
5 23 26 13 27 
6 24 23 27 10 
7 35 37 19 38 
8 26 35 38 13 
9 39 42 26 43 
10 40 39 43 23 
11 51 53 35 54 
12 42 51 54 26 
13 55 58 42 59 
14 56 55 59 39 
15 67 69 51 70 
16 58 67 70 42 
17 71 74 58 75 
18 72 71 75 55 
19 84 68 85 83 
20 83 85 67 86 
21 74 83 86 58 
22 87 90 74 91 
23 88 87 91 71 
24 6 94 92 93 
25 94 12 24 92 
26 92 24 10 95 
27 93 92 95 11 
28 12 98 96 97 
29 98 25 40 96 
30 96 40 23 99 
31 97 96 99 24 
32 25 102 100 101 
33 102 41 56 100 
34 100 56 39 103 
35 101 100 103 40 
36 41 106 104 105 
37 106 57 72 104 
38 104 72 55 107 
39 105 104 107 56 
40 57 110 108 109 
41 108 88 71 111 
42 109 108 111 72 
43 113 76 114 112 
44 112 114 68 84 
45 119 122 87 123 
46 120 119 123 88 
47 16 126 124 125 
48 126 15 32 124 
49 124 32 12 94 
50 125 124 94 6 
51 32 129 127 128 
52 129 31 48 127 
53 127 48 25 98 
54 128 127 98 12 
55 48 132 130 131 
56 132 47 64 130 
57 130 64 41 102 
58 131 130 102 25 
59 64 135 133 134 
60 135 63 80 133 
61 133 80 57 106 
62 134 133 106 41 
63 80 138 136 137 
64 137 136 110 57 
65 144 84 145 143 
66 143 145 83 146 
67 90 143 146 74 
68 147 149 90 150 
69 122 147 150 87 
70 151 154 122 155 
71 152 151 155 119 
72 110 158 156 157 
73 156 120 88 159 
74 157 156 159 108 
75 160 152 119 163 
76 161 160 163 120 
77 165 112 166 164 
78 164 166 84 144 
79 176 153 177 174 
80 174 177 151 178 
81 175 174 178 152 
82 136 181 179 180 
83 180 179 158 110 
84 185 175 152 188 
85 186 185 188 160 
86 191 170 192 189 
87 189 192 153 176 
88 121 195 193 194 
89 195 176 196 193 
90 193 196 174 197 
91 194 193 197 175 
92 198 200 147 201 
93 154 198 201 122 
94 153 203 202 177 
95 202 204 154 205 
96 177 202 205 151 
97 170 210 209 192 
98 210 173 211 209 
99 192 209 203 153 
100 213 199 214 212 
101 212 214 198 215 
102 204 212 215 154 
103 203 218 216 217 
104 216 219 204 220 
105 217 216 220 202 
106 173 222 221 211 
107 222 206 223 221 
108 221 223 199 213 
109 209 226 224 225 
110 226 211 227 224 
111 224 227 89 218 
112 225 224 218 203 
113 89 229 228 219 
114 229 213 230 228 
115 228 230 212 231 
116 219 228 231 204 
117 218 234 232 233 
118 234 89 235 232 
119 232 235 219 236 
120 233 232 236 216 
121 238 164 239 237 
122 237 239 144 240 
123 240 144 246 245 
124 245 246 143 247 
125 149 245 247 90 
126 248 249 149 250 
127 200 248 250 147 
128 17 258 256 257 
129 258 7 259 256 
130 256 259 18 33 
131 257 256 33 15 
132 33 262 260 261 
133 262 18 263 260 
134 260 263 34 49 
135 261 260 49 31 
136 49 266 264 265 
137 266 34 267 264 
138 264 267 50 65 
139 265 264 65 47 
140 65 270 268 269 
141 270 50 271 268 
142 268 271 66 81 
143 269 268 81 63 
144 81 274 272 273 
145 274 66 275 272 
146 272 275 82 117 
147 273 272 117 79 
148 117 278 276 277 
149 278 82 279 276 
150 276 279 118 168 
151 277 276 168 115 
152 168 282 280 281 
153 282 118 283 280 
154 280 283 169 242 
155 281 280 242 167 
156 167 286 284 285 
157 286 242 287 284 
158 169 289 288 243 
159 289 237 290 288 
160 288 290 240 291 
161 243 288 291 5 
162 293 243 294 292 
163 292 294 5 295 
164 242 302 301 287 
165 302 169 303 301 
166 301 303 243 293 
167 284 306 304 305 
168 306 287 307 304 
169 304 307 241 298 
170 305 304 298 253 
171 241 309 308 299 
172 309 293 310 308 
173 308 310 292 311 
174 299 308 311 254 
175 298 314 312 313 
176 314 241 315 312 
177 312 315 299 316 
178 206 318 317 223 
179 223 317 319 199 
180 190 325 323 324 
181 325 189 326 323 
182 323 326 176 195 
183 324 323 195 121 
184 187 330 331 332 
185 330 121 194 331 
186 331 194 175 333 
187 332 331 333 185 
188 336 324 337 334 
189 334 337 121 338 
190 335 334 338 330 
191 179 341 339 340 
192 341 140 183 339 
193 339 183 73 342 
194 340 339 342 158 
195 183 345 343 344 
196 345 182 321 343 
197 343 321 162 346 
198 344 343 346 73 
199 321 349 347 348 
200 349 320 328 347 
201 347 328 187 350 
202 348 347 350 162 
203 328 353 351 352 
204 353 327 335 351 
205 351 335 330 354 
206 352 351 354 187 
207 79 357 355 356 
208 357 117 277 355 
209 355 277 115 141 
210 356 355 141 116 
211 116 360 358 359 
212 360 141 361 358 
213 358 361 139 184 
214 359 358 184 140 
215 184 364 362 363 
216 364 139 365 362 
217 362 365 171 322 
218 363 362 322 182 
219 322 368 366 367 
220 368 171 369 366 
221 366 369 190 329 
222 367 366 329 320 
223 329 372 370 371 
224 372 190 373 370 
225 370 373 324 336 
226 371 370 336 327 
227 327 376 374 375 
228 376 336 377 374 
229 374 377 334 378 
230 375 374 378 335 
231 115 381 379 380 
232 381 168 281 379 
233 379 281 167 207 
234 380 379 207 142 
235 207 384 382 383 
236 384 167 285 382 
237 383 382 318 206 
238 318 387 385 386 
239 387 208 388 385 
240 385 388 252 389 
241 386 385 389 317 
242 208 391 390 388 
243 391 253 297 390 
244 390 297 251 392 
245 388 390 392 252 
246 253 395 393 394 
247 395 298 313 393 
248 393 313 296 396 
249 394 393 396 297 
250 148 255 397 398 
251 255 244 399 397 
252 397 399 248 400 
253 398 397 400 200 
254 251 300 401 402 
255 300 254 403 401 
256 401 403 244 404 
257 402 401 404 255 
258 296 316 405 406 
259 316 299 407 405 
260 405 407 254 408 
261 406 405 408 300 
262 313 411 409 410 
263 411 312 412 409 
264 409 412 316 413 
265 410 409 413 296 
266 422 423 21 424 
267 37 422 424 19 
268 429 430 37 431 
269 53 429 431 35 
270 441 442 422 443 
271 430 441 443 37 
272 444 446 430 447 
273 445 444 447 429 
274 433 450 448 449 
275 450 432 451 448 
276 453 445 429 455 
277 454 453 455 53 
278 437 458 456 457 
279 458 433 449 456 
280 460 462 444 463 
281 461 460 463 445 
282 449 466 464 465 
283 466 448 467 464 
284 464 467 452 468 
285 469 461 445 471 
286 470 469 471 453 
287 456 474 472 473 
288 474 449 465 472 
289 472 465 421 475 
290 473 472 475 459 
291 421 468 476 477 
292 468 452 478 476 
293 476 478 460 479 
294 477 476 479 461 
295 465 482 480 481 
296 482 464 483 480 
297 480 483 468 484 
298 481 480 484 421 
299 432 490 489 451 
300 490 435 491 489 
301 489 491 20 492 
302 493 494 441 495 
303 446 493 495 430 
304 492 20 497 496 
305 496 497 446 498 
306 462 496 498 444 
307 451 501 499 500 
308 501 489 502 499 
309 499 502 492 503 
310 500 499 503 436 
311 435 505 504 491 
312 505 485 506 504 
313 491 504 507 20 
314 485 517 516 506 
315 517 487 518 516 
316 516 518 428 519 
317 506 516 519 488 
318 20 507 520 497 
319 507 488 521 520 
320 520 521 493 522 
321 497 520 522 446 
322 504 525 523 524 
323 525 506 526 523 
324 523 526 488 527 
325 524 523 527 507 
326 528 529 423 530 
327 442 528 530 422 
328 531 532 442 533 
329 494 531 533 441 
330 487 535 534 518 
331 535 512 536 534 
332 518 534 537 428 
333 512 543 542 536 
334 543 514 544 542 
335 542 544 417 545 
336 536 542 545 515 
337 428 537 546 547 
338 537 515 548 546 
339 546 548 531 549 
340 547 546 549 494 
341 534 552 550 551 
342 552 536 553 550 
343 550 553 515 554 
344 551 550 554 537 
345 555 556 528 557 
346 532 555 557 442 
347 514 559 558 544 
348 559 538 560 558 
349 562 564 555 565 
350 563 562 565 532 
351 544 568 566 567 
352 568 558 569 566 
353 567 566 570 417 
354 76 575 574 114 
355 575 78 576 574 
356 114 574 577 68 
357 578 454 53 579 
358 69 578 579 51 
359 78 581 580 576 
360 581 571 582 580 
361 580 582 573 583 
362 576 580 583 52 
363 68 577 584 85 
364 577 52 585 584 
365 584 585 69 586 
366 85 584 586 67 
367 574 589 587 588 
368 589 576 590 587 
369 587 590 52 591 
370 588 587 591 577 
371 571 593 592 582 
372 593 438 594 592 
373 592 594 36 595 
374 573 595 596 597 
375 595 36 598 596 
376 596 598 454 599 
377 597 596 599 578 
378 582 602 600 601 
379 602 592 603 600 
380 600 603 595 604 
381 601 600 604 573 
382 438 606 605 594 
383 606 437 457 605 
384 605 457 440 607 
385 594 605 607 36 
386 457 610 608 609 
387 610 456 473 608 
388 608 473 459 611 
389 609 608 611 440 
390 538 617 616 560 
391 617 540 618 616 
392 616 618 511 619 
393 560 616 619 541 
394 558 621 620 569 
395 621 560 622 620 
396 620 622 541 623 
397 569 620 623 561 
398 515 545 624 548 
399 545 417 563 624 
400 624 563 532 625 
401 548 624 625 531 
402 417 570 626 627 
403 570 561 628 626 
404 626 628 562 629 
405 627 626 629 563 
406 566 632 630 631 
407 632 569 633 630 
408 630 633 561 634 
409 631 630 634 570 
410 635 636 529 637 
411 556 635 637 528 
412 540 639 638 618 
413 639 612 640 638 
414 638 640 615 641 
415 511 641 642 643 
416 641 615 644 642 
417 642 644 635 645 
418 643 642 645 556 
419 618 648 646 647 
420 648 638 649 646 
421 646 649 641 650 
422 647 646 650 511 
423 612 652 651 640 
424 652 614 653 651 
425 640 651 654 615 
426 615 654 655 644 
427 654 8 656 655 
428 655 656 636 657 
429 644 655 657 635 
430 651 660 658 659 
431 660 653 661 658 
432 658 661 8 662 
433 659 658 662 654 
434 1 665 663 664 
435 665 17 257 663 
436 663 257 15 126 
437 664 663 126 16 
438 7 667 666 259 
439 667 29 668 666 
440 666 668 28 45 
441 259 666 45 18 
442 29 670 669 668 
443 670 2 671 669 
444 669 671 30 415 
445 668 669 415 28 
446 15 674 672 673 
447 674 33 261 672 
448 672 261 31 129 
449 673 672 129 32 
450 18 676 675 263 
451 676 45 677 675 
452 675 677 44 61 
453 263 675 61 34 
454 45 679 678 677 
455 679 28 680 678 
456 678 680 46 419 
457 677 678 419 44 
458 31 683 681 682 
459 683 49 265 681 
460 681 265 47 132 
461 682 681 132 48 
462 34 685 684 267 
463 685 61 686 684 
464 684 686 60 77 
465 267 684 77 50 
466 61 688 687 686 
467 688 44 689 687 
468 687 689 62 572 
469 686 687 572 60 
470 47 692 690 691 
471 692 65 269 690 
472 690 269 63 135 
473 691 690 135 64 
474 50 694 693 271 
475 694 77 695 693 
476 693 695 76 113 
477 271 693 113 66 
478 77 697 696 695 
479 697 60 698 696 
480 696 698 78 575 
481 695 696 575 76 
482 63 701 699 700 
483 701 81 273 699 
484 699 273 79 138 
485 700 699 138 80 
486 66 703 702 275 
487 703 113 704 702 
488 702 704 112 165 
489 275 702 165 82 
490 138 707 705 706 
491 707 79 356 705 
492 705 356 116 181 
493 706 705 181 136 
494 141 709 708 361 
495 709 115 380 708 
496 708 380 142 172 
497 361 708 172 139 
498 158 342 710 711 
499 342 73 161 710 
500 710 161 120 712 
501 711 710 712 156 
502 73 346 713 714 
503 346 162 186 713 
504 713 186 160 715 
505 714 713 715 161 
506 82 717 716 279 
507 717 165 718 716 
508 716 718 164 238 
509 279 716 238 118 
510 139 720 719 365 
511 720 172 721 719 
512 719 721 170 191 
513 365 719 191 171 
514 172 723 722 721 
515 723 142 724 722 
516 722 724 173 210 
517 721 722 210 170 
518 181 727 725 726 
519 727 116 359 725 
520 725 359 140 341 
521 726 725 341 179 
522 140 730 728 729 
523 730 184 363 728 
524 728 363 182 345 
525 729 728 345 183 
526 162 350 731 732 
527 350 187 332 731 
528 731 332 185 733 
529 732 731 733 186 
530 171 735 734 369 
531 735 191 736 734 
532 734 736 189 325 
533 369 734 325 190 
534 199 319 737 214 
535 319 148 398 737 
536 737 398 200 738 
537 214 737 738 198 
538 142 740 739 724 
539 740 207 383 739 
540 739 383 206 222 
541 724 739 222 173 
542 211 742 741 227 
543 742 221 743 741 
544 741 743 213 229 
545 227 741 229 89 
546 118 745 744 283 
547 745 238 746 744 
548 744 746 237 289 
549 283 744 289 169 
550 5 291 747 249 
551 291 240 748 747 
552 747 748 245 749 
553 249 747 749 149 
554 244 295 750 399 
555 295 5 751 750 
556 750 751 249 752 
557 399 750 752 248 
558 252 392 753 754 
559 392 251 402 753 
560 753 402 255 755 
561 754 753 755 148 
562 285 758 756 757 
563 758 284 305 756 
564 756 305 253 391 
565 757 756 391 208 
566 254 311 759 403 
567 311 292 760 759 
568 759 760 295 761 
569 403 759 761 244 
570 297 396 762 763 
571 396 296 406 762 
572 762 406 300 764 
573 763 762 764 251 
574 287 766 765 307 
575 766 301 767 765 
576 765 767 293 309 
577 307 765 309 241 
578 317 389 768 769 
579 389 252 754 768 
580 768 754 148 770 
581 769 768 770 319 
582 182 773 771 772 
583 773 322 367 771 
584 771 367 320 349 
585 772 771 349 321 
586 320 776 774 775 
587 776 329 371 774 
588 774 371 327 353 
589 775 774 353 328 
590 382 779 777 778 
591 779 285 757 777 
592 777 757 208 387 
593 778 777 387 318 
594 28 781 780 680 
595 781 415 782 780 
596 780 782 414 426 
597 680 780 426 46 
598 415 784 783 782 
599 784 30 785 783 
600 783 785 416 509 
601 782 783 509 414 
602 44 787 786 689 
603 787 419 788 786 
604 786 788 418 439 
605 689 786 439 62 
606 419 790 789 788 
607 790 46 791 789 
608 789 791 420 434 
609 788 789 434 418 
610 46 793 792 791 
611 793 426 794 792 
612 792 794 425 486 
613 791 792 486 420 
614 426 796 795 794 
615 796 414 797 795 
616 795 797 427 513 
617 794 795 513 425 
618 448 799 798 467 
619 799 451 500 798 
620 798 500 436 800 
621 467 798 800 452 
622 36 607 801 598 
623 607 440 470 801 
624 801 470 453 802 
625 598 801 802 454 
626 452 800 803 478 
627 800 436 804 803 
628 803 804 462 805 
629 478 803 805 460 
630 459 475 806 807 
631 475 421 477 806 
632 806 477 461 808 
633 807 806 808 469 
634 488 519 809 521 
635 519 428 547 809 
636 809 547 494 810 
637 521 809 810 493 
638 436 503 811 804 
639 503 492 812 811 
640 811 812 496 813 
641 804 811 813 462 
642 414 815 814 797 
643 815 509 816 814 
644 814 816 508 539 
645 797 814 539 427 
646 509 818 817 816 
647 818 416 819 817 
648 817 819 510 613 
649 816 817 613 508 
650 541 619 820 564 
651 619 511 643 820 
652 820 643 556 821 
653 564 820 821 555 
654 561 623 822 628 
655 623 541 823 822 
656 822 823 564 824 
657 628 822 824 562 
658 60 826 825 698 
659 826 572 827 825 
660 825 827 571 581 
661 698 825 581 78 
662 572 829 828 827 
663 829 62 830 828 
664 828 830 438 593 
665 827 828 593 571 
666 52 583 831 585 
667 583 573 597 831 
668 831 597 578 832 
669 585 831 832 69 
670 62 834 833 830 
671 834 439 835 833 
672 833 835 437 606 
673 830 833 606 438 
674 439 837 836 835 
675 837 418 838 836 
676 836 838 433 458 
677 835 836 458 437 
678 440 611 839 840 
679 611 459 807 839 
680 839 807 469 841 
681 840 839 841 470 
682 418 843 842 838 
683 843 434 844 842 
684 842 844 432 450 
685 838 842 450 433 
686 434 846 845 844 
687 846 420 847 845 
688 845 847 435 490 
689 844 845 490 432 
690 420 849 848 847 
691 849 486 850 848 
692 848 850 485 505 
693 847 848 505 435 
694 486 852 851 850 
695 852 425 853 851 
696 851 853 487 517 
697 850 851 517 485 
698 425 855 854 853 
699 855 513 856 854 
700 854 856 512 535 
701 853 854 535 487 
702 513 858 857 856 
703 858 427 859 857 
704 857 859 514 543 
705 856 857 543 512 
706 427 861 860 859 
707 861 539 862 860 
708 860 862 538 559 
709 859 860 559 514 
710 539 864 863 862 
711 864 508 865 863 
712 863 865 540 617 
713 862 863 617 538 
714 508 867 866 865 
715 867 613 868 866 
716 866 868 612 639 
717 865 866 639 540 
718 613 870 869 868 
719 870 510 871 869 
720 869 871 614 652 
721 868 869 652 612 
